navigation_status,rate_of_turn,speed_over_ground,latitude,longitude,course_over_ground,true_heading,ts,ts_string
0.12295081967213115,24.983606557377048,0.38934426229508196,1.2390199453551913,103.65346598360632,998.77049180327867,31.565573770491802,1382013125.0409837,2013-10-17T20:32:05Z
0.0,127.0,2.0,1.2394333333333334,103.65383333333334,560.0,84.0,1382014528.0,2013-10-17T20:55:28Z
0.0,127.0,2.0,1.2394499999999999,103.65385000000001,570.0,86.0,1382014531.0,2013-10-17T20:55:31Z
0.0,127.0,2.0,1.2394666666666667,103.65388333333334,590.0,87.0,1382014534.0,2013-10-17T20:55:34Z
0.0,127.0,2.1000000000000001,1.2394833333333333,103.65393333333333,610.0,90.0,1382014541.0,2013-10-17T20:55:41Z
0.0,127.0,2.1000000000000001,1.2395166666666666,103.65396666666666,630.0,92.0,1382014544.0,2013-10-17T20:55:44Z
0.0,127.0,2.1000000000000001,1.2395333333333334,103.65401666666666,640.0,93.0,1382014548.0,2013-10-17T20:55:48Z
0.0,127.0,2.2000000000000002,1.2395499999999999,103.65408333333333,680.0,96.0,1382014555.0,2013-10-17T20:55:55Z
0.0,127.0,2.2000000000000002,1.2395666666666667,103.6541,690.0,98.0,1382014558.0,2013-10-17T20:55:58Z
0.0,127.0,2.2999999999999998,1.2395833333333333,103.65421666666667,740.0,102.0,1382014568.0,2013-10-17T20:56:08Z
0.0,127.0,2.2999999999999998,1.2396,103.65425,750.0,103.0,1382014571.0,2013-10-17T20:56:11Z
0.0,127.0,2.2999999999999998,1.2396,103.65428333333334,770.0,105.0,1382014575.0,2013-10-17T20:56:15Z
0.0,127.0,2.3999999999999999,1.2396166666666666,103.65431666666667,780.0,107.0,1382014578.0,2013-10-17T20:56:18Z
0.0,127.0,2.3999999999999999,1.2396166666666666,103.65434999999999,800.0,108.0,1382014581.0,2013-10-17T20:56:21Z
0.0,127.0,2.3999999999999999,1.2396166666666666,103.6544,820.0,110.0,1382014585.0,2013-10-17T20:56:25Z
0.0,127.0,2.3999999999999999,1.2396166666666666,103.65443333333333,830.0,111.0,1382014588.0,2013-10-17T20:56:28Z
0.0,127.0,2.3999999999999999,1.2396166666666666,103.65446666666666,850.0,112.0,1382014591.0,2013-10-17T20:56:31Z
0.0,127.0,2.3999999999999999,1.2396166666666666,103.6545,860.0,115.0,1382014595.0,2013-10-17T20:56:35Z
0.0,127.0,2.5,1.2396166666666666,103.65453333333333,880.0,115.0,1382014597.0,2013-10-17T20:56:37Z
0.0,127.0,2.5,1.2396166666666666,103.65456666666667,890.0,117.0,1382014601.0,2013-10-17T20:56:41Z
0.0,127.0,2.5,1.2396166666666666,103.65465,920.0,120.0,1382014608.0,2013-10-17T20:56:48Z
0.0,127.0,2.5,1.2396,103.65470000000001,940.0,122.0,1382014611.0,2013-10-17T20:56:51Z
0.0,127.0,2.6000000000000001,1.2396,103.65471666666667,950.0,123.0,1382014614.0,2013-10-17T20:56:54Z
0.0,127.0,2.6000000000000001,1.2396,103.65476666666666,970.0,125.0,1382014618.0,2013-10-17T20:56:58Z
0.0,127.0,2.7000000000000002,1.2395666666666667,103.65485,1010.0,127.0,1382014625.0,2013-10-17T20:57:05Z
0.0,127.0,2.7000000000000002,1.2395666666666667,103.6549,1030.0,129.0,1382014628.0,2013-10-17T20:57:08Z
0.0,127.0,2.7000000000000002,1.2395499999999999,103.65493333333333,1050.0,129.0,1382014631.0,2013-10-17T20:57:11Z
0.0,127.0,2.7000000000000002,1.2395333333333334,103.65496666666667,1080.0,130.0,1382014635.0,2013-10-17T20:57:15Z
0.0,127.0,2.7000000000000002,1.2395166666666666,103.65501666666667,1110.0,131.0,1382014638.0,2013-10-17T20:57:18Z
0.0,127.0,2.7999999999999998,1.2395,103.65505,1130.0,132.0,1382014641.0,2013-10-17T20:57:21Z
0.0,127.0,2.7999999999999998,1.2394666666666667,103.65508333333334,1150.0,133.0,1382014645.0,2013-10-17T20:57:25Z
0.0,127.0,2.8999999999999999,1.2394499999999999,103.65513333333334,1170.0,134.0,1382014648.0,2013-10-17T20:57:28Z
0.0,127.0,2.8999999999999999,1.2394166666666666,103.65516666666667,1180.0,134.0,1382014651.0,2013-10-17T20:57:31Z
0.0,127.0,3.1000000000000001,1.23935,103.65528333333333,1220.0,137.0,1382014661.0,2013-10-17T20:57:41Z
0.0,127.0,3.3999999999999999,1.23915,103.65553333333334,1280.0,142.0,1382014681.0,2013-10-17T20:58:01Z
0.0,127.0,3.6000000000000001,1.23905,103.65563333333333,1320.0,143.0,1382014690.0,2013-10-17T20:58:10Z
0.0,0.0,3.7000000000000002,1.2388999999999999,103.65578333333333,1360.0,145.0,1382014702.0,2013-10-17T20:58:22Z
0.0,0.0,4.0,1.2386333333333333,103.65600000000001,1400.0,148.0,1382014721.0,2013-10-17T20:58:41Z
0.0,0.0,4.2000000000000002,1.2384500000000001,103.65613333333333,1420.0,149.0,1382014732.0,2013-10-17T20:58:52Z
0.0,0.0,4.2999999999999998,1.2382833333333334,103.65625,1440.0,150.0,1382014741.0,2013-10-17T20:59:01Z
0.0,0.0,4.4000000000000004,1.2381333333333333,103.65633333333334,1460.0,150.0,1382014751.0,2013-10-17T20:59:11Z
0.0,0.0,4.7999999999999998,1.2375666666666667,103.65666666666667,1490.0,150.0,1382014781.0,2013-10-17T20:59:41Z
0.0,0.0,4.9000000000000004,1.2373666666666667,103.65678333333334,1490.0,150.0,1382014791.0,2013-10-17T20:59:51Z
0.0,0.0,5.0,1.2371666666666667,103.65689999999999,1500.0,150.0,1382014802.0,2013-10-17T21:00:02Z
0.0,0.0,5.2999999999999998,1.2367333333333332,103.65713333333333,1500.0,150.0,1382014821.0,2013-10-17T21:00:21Z
0.0,0.0,5.4000000000000004,1.2363166666666667,103.65734999999999,1500.0,150.0,1382014841.0,2013-10-17T21:00:41Z
0.0,0.0,5.5,1.2360833333333334,103.65748333333333,1500.0,150.0,1382014851.0,2013-10-17T21:00:51Z
0.0,0.0,5.5999999999999996,1.2358333333333333,103.65763333333334,1500.0,150.0,1382014862.0,2013-10-17T21:01:02Z
0.0,0.0,5.7999999999999998,1.23515,103.65801666666667,1500.0,150.0,1382014891.0,2013-10-17T21:01:31Z
0.0,0.0,5.9000000000000004,1.2349333333333334,103.65813333333334,1500.0,150.0,1382014900.0,2013-10-17T21:01:40Z
0.0,0.0,6.0,1.2346666666666666,103.6583,1500.0,150.0,1382014910.0,2013-10-17T21:01:50Z
0.0,0.0,6.0,1.2344333333333333,103.65843333333333,1500.0,150.0,1382014922.0,2013-10-17T21:02:02Z
0.0,0.0,6.0999999999999996,1.2339500000000001,103.65873333333333,1500.0,150.0,1382014941.0,2013-10-17T21:02:21Z
0.0,0.0,6.2000000000000002,1.2334833333333333,103.65900000000001,1500.0,150.0,1382014960.0,2013-10-17T21:02:40Z
0.0,0.0,6.2999999999999998,1.2332000000000001,103.65916666666666,1500.0,150.0,1382014971.0,2013-10-17T21:02:51Z
0.0,0.0,6.2999999999999998,1.23295,103.6593,1500.0,150.0,1382014981.0,2013-10-17T21:03:01Z
0.0,0.0,6.4000000000000004,1.2323999999999999,103.65961666666666,1500.0,150.0,1382015002.0,2013-10-17T21:03:22Z
0.0,0.0,6.4000000000000004,1.2321666666666666,103.65975,1490.0,150.0,1382015011.0,2013-10-17T21:03:31Z
0.0,0.0,6.5,1.2316499999999999,103.66005,1490.0,150.0,1382015031.0,2013-10-17T21:03:51Z
0.0,0.0,6.5,1.2313833333333333,103.6602,1490.0,150.0,1382015040.0,2013-10-17T21:04:00Z
0.0,0.0,6.5,1.2308333333333332,103.66051666666667,1490.0,150.0,1382015062.0,2013-10-17T21:04:22Z
0.0,0.0,6.5999999999999996,1.2300666666666666,103.66098333333333,1480.0,150.0,1382015091.0,2013-10-17T21:04:51Z
0.0,0.0,6.7000000000000002,1.2298166666666666,103.66111666666667,1490.0,150.0,1382015100.0,2013-10-17T21:05:00Z
0.0,0.0,7.0999999999999996,1.2292166666666666,103.66146666666667,1490.0,150.0,1382015121.0,2013-10-17T21:05:21Z
0.0,0.0,7.2999999999999998,1.2288833333333333,103.66166666666666,1490.0,150.0,1382015132.0,2013-10-17T21:05:32Z
0.0,0.0,7.5,1.2286333333333332,103.6618,1490.0,150.0,1382015141.0,2013-10-17T21:05:41Z
0.0,0.0,7.5999999999999996,1.2282999999999999,103.66200000000001,1490.0,150.0,1382015151.0,2013-10-17T21:05:51Z
0.0,0.0,7.7999999999999998,1.2279833333333334,103.66218333333333,1490.0,150.0,1382015161.0,2013-10-17T21:06:01Z
0.0,0.0,7.9000000000000004,1.2276499999999999,103.66236666666667,1490.0,150.0,1382015171.0,2013-10-17T21:06:11Z
0.0,0.0,8.1999999999999993,1.22695,103.66278333333334,1490.0,150.0,1382015192.0,2013-10-17T21:06:32Z
0.0,0.0,8.4000000000000004,1.2262999999999999,103.66315,1500.0,151.0,1382015211.0,2013-10-17T21:06:51Z
0.0,0.0,8.5,1.2259833333333334,103.66333333333333,1500.0,150.0,1382015221.0,2013-10-17T21:07:01Z
0.0,0.0,8.6999999999999993,1.2256,103.66355,1500.0,150.0,1382015231.0,2013-10-17T21:07:11Z
0.0,0.0,8.6999999999999993,1.2252166666666666,103.66378333333333,1490.0,152.0,1382015242.0,2013-10-17T21:07:22Z
0.0,127.0,8.6999999999999993,1.2248666666666668,103.66398333333333,1490.0,154.0,1382015252.0,2013-10-17T21:07:32Z
0.0,127.0,8.5999999999999996,1.2245833333333334,103.66413333333334,1500.0,157.0,1382015260.0,2013-10-17T21:07:40Z
0.0,127.0,8.5,1.2242333333333333,103.66431666666666,1520.0,159.0,1382015270.0,2013-10-17T21:07:50Z
0.0,127.0,8.4000000000000004,1.2238666666666667,103.66448333333334,1540.0,161.0,1382015281.0,2013-10-17T21:08:01Z
0.0,127.0,8.3000000000000007,1.2235166666666666,103.66463333333333,1560.0,163.0,1382015291.0,2013-10-17T21:08:11Z
0.0,127.0,8.1999999999999993,1.2230833333333333,103.66478333333333,1590.0,166.0,1382015302.0,2013-10-17T21:08:22Z
0.0,127.0,8.0999999999999996,1.2227166666666667,103.6649,1610.0,167.0,1382015312.0,2013-10-17T21:08:32Z
0.0,0.0,7.7999999999999998,1.2213166666666666,103.66521666666667,1680.0,170.0,1382015351.0,2013-10-17T21:09:11Z
0.0,0.0,7.7999999999999998,1.2209333333333334,103.6653,1690.0,171.0,1382015362.0,2013-10-17T21:09:22Z
0.0,0.0,7.7000000000000002,1.2205666666666666,103.66535,1700.0,171.0,1382015372.0,2013-10-17T21:09:32Z
0.0,0.0,7.7000000000000002,1.2202166666666667,103.66541666666667,1690.0,173.0,1382015382.0,2013-10-17T21:09:42Z
0.0,127.0,7.7000000000000002,1.2199333333333333,103.66546666666666,1690.0,174.0,1382015391.0,2013-10-17T21:09:51Z
0.0,127.0,7.7000000000000002,1.2195499999999999,103.66553333333333,1700.0,176.0,1382015401.0,2013-10-17T21:10:01Z
0.0,127.0,7.5999999999999996,1.2192333333333334,103.66556666666666,1720.0,177.0,1382015410.0,2013-10-17T21:10:10Z
0.0,0.0,7.5999999999999996,1.2188000000000001,103.6656,1740.0,179.0,1382015422.0,2013-10-17T21:10:22Z
0.0,127.0,7.5999999999999996,1.21845,103.66563333333333,1750.0,181.0,1382015432.0,2013-10-17T21:10:32Z
0.0,127.0,7.5,1.2177833333333334,103.66566666666667,1770.0,186.0,1382015451.0,2013-10-17T21:10:51Z
0.0,127.0,7.4000000000000004,1.2170666666666667,103.66565,1810.0,190.0,1382015470.0,2013-10-17T21:11:10Z
0.0,127.0,7.4000000000000004,1.2166833333333333,103.66563333333333,1830.0,193.0,1382015482.0,2013-10-17T21:11:22Z
0.0,127.0,7.2999999999999998,1.21635,103.66558333333333,1860.0,195.0,1382015493.0,2013-10-17T21:11:33Z
0.0,127.0,7.2999999999999998,1.2160166666666667,103.66551666666666,1880.0,197.0,1382015502.0,2013-10-17T21:11:42Z
0.0,0.0,7.2999999999999998,1.2157166666666666,103.66546666666666,1900.0,199.0,1382015512.0,2013-10-17T21:11:52Z
0.0,0.0,7.2000000000000002,1.2150666666666667,103.66528333333333,1940.0,201.0,1382015531.0,2013-10-17T21:12:11Z
0.0,127.0,7.0999999999999996,1.2140833333333334,103.66498333333334,1980.0,209.0,1382015562.0,2013-10-17T21:12:42Z
0.0,127.0,7.0999999999999996,1.2138,103.66486666666667,2000.0,212.0,1382015572.0,2013-10-17T21:12:52Z
0.0,127.0,7.0,1.2135,103.66473333333333,2030.0,214.0,1382015582.0,2013-10-17T21:13:02Z
0.0,0.0,6.9000000000000004,1.2126166666666667,103.66421666666666,2120.0,219.0,1382015612.0,2013-10-17T21:13:32Z
0.0,0.0,6.9000000000000004,1.2121,103.66383333333333,2150.0,220.0,1382015632.0,2013-10-17T21:13:52Z
0.0,0.0,6.9000000000000004,1.2113166666666666,103.66325000000001,2180.0,220.0,1382015662.0,2013-10-17T21:14:22Z
0.0,0.0,7.0,1.2110666666666667,103.66305,2180.0,220.0,1382015672.0,2013-10-17T21:14:32Z
0.0,0.0,7.0,1.2108166666666667,103.66285000000001,2180.0,220.0,1382015682.0,2013-10-17T21:14:42Z
0.0,0.0,7.0,1.2102999999999999,103.66245000000001,2190.0,220.0,1382015701.0,2013-10-17T21:15:01Z
0.0,0.0,7.0,1.2095333333333333,103.66183333333333,2190.0,221.0,1382015732.0,2013-10-17T21:15:32Z
0.0,0.0,6.9000000000000004,1.2090333333333334,103.66141666666667,2200.0,221.0,1382015751.0,2013-10-17T21:15:51Z
0.0,0.0,6.9000000000000004,1.2088000000000001,103.66121666666666,2200.0,220.0,1382015762.0,2013-10-17T21:16:02Z
0.0,0.0,6.9000000000000004,1.2085833333333333,103.66103333333334,2200.0,220.0,1382015770.0,2013-10-17T21:16:10Z
0.0,0.0,6.7000000000000002,1.2076166666666666,103.66021666666667,2200.0,220.0,1382015812.0,2013-10-17T21:16:52Z
0.0,0.0,6.7000000000000002,1.2073666666666667,103.65998333333333,2210.0,220.0,1382015822.0,2013-10-17T21:17:02Z
0.0,0.0,6.5999999999999996,1.2066666666666668,103.65938333333334,2200.0,221.0,1382015853.0,2013-10-17T21:17:33Z
0.0,0.0,6.5999999999999996,1.2059500000000001,103.6588,2200.0,221.0,1382015882.0,2013-10-17T21:18:02Z
0.0,0.0,6.9000000000000004,1.2042666666666666,103.65734999999999,2230.0,229.0,1382015951.0,2013-10-17T21:19:11Z
0.0,0.0,7.2000000000000002,1.2038,103.65683333333334,2260.0,230.0,1382015972.0,2013-10-17T21:19:32Z
0.0,0.0,7.7000000000000002,1.2031000000000001,103.65613333333333,2270.0,231.0,1382016001.0,2013-10-17T21:20:01Z
0.0,0.0,8.3000000000000007,1.2025666666666666,103.65551666666667,2270.0,231.0,1382016021.0,2013-10-17T21:20:21Z
0.0,0.0,8.5,1.2022666666666666,103.65518333333333,2270.0,231.0,1382016032.0,2013-10-17T21:20:32Z
0.0,0.0,8.9000000000000004,1.2017833333333334,103.6546,2280.0,231.0,1382016051.0,2013-10-17T21:20:51Z
0.0,0.0,9.0999999999999996,1.2014833333333332,103.65423333333334,2280.0,232.0,1382016060.0,2013-10-17T21:21:00Z
0.0,0.0,9.3000000000000007,1.2011666666666667,103.65386666666667,2280.0,233.0,1382016073.0,2013-10-17T21:21:13Z
0.0,0.0,9.5,1.2009000000000001,103.65355,2290.0,234.0,1382016081.0,2013-10-17T21:21:21Z
0.0,0.0,9.5999999999999996,1.2005999999999999,103.65315,2310.0,234.0,1382016092.0,2013-10-17T21:21:32Z
0.0,0.0,9.6999999999999993,1.2003166666666667,103.65278333333333,2310.0,235.0,1382016102.0,2013-10-17T21:21:42Z
0.0,0.0,10.0,1.1998,103.65205,2330.0,235.0,1382016120.0,2013-10-17T21:22:00Z
0.0,0.0,10.1,1.1994833333333332,103.65161666666667,2330.0,235.0,1382016132.0,2013-10-17T21:22:12Z
0.0,0.0,10.199999999999999,1.1992333333333334,103.65126666666667,2340.0,235.0,1382016141.0,2013-10-17T21:22:21Z
0.0,0.0,10.300000000000001,1.1989333333333334,103.65081666666667,2340.0,236.0,1382016152.0,2013-10-17T21:22:32Z
0.0,0.0,10.4,1.1986833333333333,103.65045000000001,2340.0,236.0,1382016162.0,2013-10-17T21:22:42Z
0.0,0.0,10.5,1.1984333333333332,103.65008333333333,2340.0,236.0,1382016171.0,2013-10-17T21:22:51Z
0.0,0.0,10.6,1.19815,103.64966666666666,2340.0,236.0,1382016181.0,2013-10-17T21:23:01Z
0.0,0.0,10.699999999999999,1.1978,103.64918333333334,2340.0,238.0,1382016192.0,2013-10-17T21:23:12Z
0.0,0.0,10.699999999999999,1.1975833333333334,103.64883333333333,2350.0,239.0,1382016201.0,2013-10-17T21:23:21Z
0.0,0.0,10.800000000000001,1.1972166666666666,103.64828333333334,2360.0,239.0,1382016213.0,2013-10-17T21:23:33Z
0.0,0.0,10.9,1.1969833333333333,103.64788333333334,2370.0,240.0,1382016222.0,2013-10-17T21:23:42Z
0.0,0.0,10.9,1.1967333333333334,103.64749999999999,2380.0,240.0,1382016231.0,2013-10-17T21:23:51Z
0.0,0.0,11.0,1.1964833333333333,103.64706666666666,2380.0,240.0,1382016241.0,2013-10-17T21:24:01Z
0.0,0.0,11.1,1.1961833333333334,103.64656666666667,2390.0,242.0,1382016252.0,2013-10-17T21:24:12Z
0.0,0.0,11.199999999999999,1.1952499999999999,103.64475,2430.0,246.0,1382016291.0,2013-10-17T21:24:51Z
0.0,0.0,11.199999999999999,1.1950499999999999,103.64431666666667,2440.0,246.0,1382016301.0,2013-10-17T21:25:01Z
0.0,0.0,11.300000000000001,1.1947833333333333,103.64373333333333,2440.0,246.0,1382016312.0,2013-10-17T21:25:12Z
0.0,0.0,11.300000000000001,1.1945666666666668,103.64324999999999,2450.0,246.0,1382016322.0,2013-10-17T21:25:22Z
0.0,0.0,11.4,1.1937,103.64135,2450.0,246.0,1382016361.0,2013-10-17T21:26:01Z
0.0,0.0,11.4,1.1934833333333332,103.64086666666667,2450.0,246.0,1382016372.0,2013-10-17T21:26:12Z
0.0,0.0,11.4,1.1932499999999999,103.64031666666666,2450.0,245.0,1382016382.0,2013-10-17T21:26:22Z
0.0,0.0,11.4,1.1930499999999999,103.63988333333333,2450.0,246.0,1382016391.0,2013-10-17T21:26:31Z
0.0,0.0,11.4,1.1925833333333333,103.63885000000001,2450.0,245.0,1382016412.0,2013-10-17T21:26:52Z
0.0,0.0,11.5,1.1923833333333334,103.6384,2450.0,246.0,1382016420.0,2013-10-17T21:27:00Z
0.0,0.0,11.6,1.19215,103.63785,2450.0,246.0,1382016433.0,2013-10-17T21:27:13Z
0.0,127.0,11.699999999999999,1.1915,103.63641666666666,2450.0,249.0,1382016462.0,2013-10-17T21:27:42Z
0.0,0.0,11.699999999999999,1.1912833333333332,103.63586666666667,2470.0,250.0,1382016472.0,2013-10-17T21:27:52Z
0.0,0.0,11.699999999999999,1.1909000000000001,103.63483333333333,2500.0,250.0,1382016492.0,2013-10-17T21:28:12Z
0.0,0.0,11.699999999999999,1.19075,103.63436666666666,2500.0,250.0,1382016502.0,2013-10-17T21:28:22Z
0.0,0.0,11.699999999999999,1.1903833333333333,103.63328333333334,2510.0,250.0,1382016522.0,2013-10-17T21:28:42Z
0.0,0.0,11.699999999999999,1.1898666666666666,103.6318,2510.0,251.0,1382016551.0,2013-10-17T21:29:11Z
0.0,0.0,11.699999999999999,1.1896833333333334,103.63123333333333,2510.0,250.0,1382016562.0,2013-10-17T21:29:22Z
0.0,0.0,11.699999999999999,1.1895333333333333,103.63076666666667,2510.0,250.0,1382016570.0,2013-10-17T21:29:30Z
0.0,0.0,11.6,1.1893333333333334,103.6302,2510.0,250.0,1382016582.0,2013-10-17T21:29:42Z
0.0,0.0,11.6,1.1891666666666667,103.6297,2510.0,250.0,1382016592.0,2013-10-17T21:29:52Z
0.0,0.0,11.6,1.1886833333333333,103.62815000000001,2520.0,250.0,1382016622.0,2013-10-17T21:30:22Z
0.0,0.0,11.5,1.18855,103.62775000000001,2520.0,250.0,1382016630.0,2013-10-17T21:30:30Z
0.0,0.0,11.5,1.1883833333333333,103.62718333333333,2520.0,251.0,1382016641.0,2013-10-17T21:30:41Z
0.0,0.0,11.5,1.1882166666666667,103.62666666666667,2530.0,251.0,1382016652.0,2013-10-17T21:30:52Z
0.0,0.0,11.4,1.1876333333333333,103.62463333333334,2540.0,250.0,1382016691.0,2013-10-17T21:31:31Z
0.0,0.0,11.300000000000001,1.1873333333333334,103.62356666666666,2550.0,250.0,1382016712.0,2013-10-17T21:31:52Z
0.0,0.0,11.300000000000001,1.1870666666666667,103.62261666666667,2540.0,250.0,1382016731.0,2013-10-17T21:32:11Z
0.0,0.0,11.199999999999999,1.1869166666666666,103.62205,2540.0,250.0,1382016742.0,2013-10-17T21:32:22Z
0.0,0.0,11.199999999999999,1.1867833333333333,103.6216,2530.0,251.0,1382016752.0,2013-10-17T21:32:32Z
0.0,0.0,11.199999999999999,1.1866333333333334,103.62105,2540.0,253.0,1382016762.0,2013-10-17T21:32:42Z
0.0,0.0,11.199999999999999,1.1865000000000001,103.62053333333333,2550.0,254.0,1382016772.0,2013-10-17T21:32:52Z
0.0,0.0,11.199999999999999,1.1862999999999999,103.61961666666667,2570.0,255.0,1382016791.0,2013-10-17T21:33:11Z
0.0,0.0,11.199999999999999,1.1861999999999999,103.61905,2580.0,255.0,1382016802.0,2013-10-17T21:33:22Z
0.0,0.0,11.199999999999999,1.1859166666666667,103.61751666666666,2590.0,255.0,1382016832.0,2013-10-17T21:33:52Z
0.0,0.0,11.199999999999999,1.1857333333333333,103.6165,2600.0,255.0,1382016850.0,2013-10-17T21:34:10Z
0.0,0.0,11.199999999999999,1.1856333333333333,103.61593333333333,2590.0,255.0,1382016862.0,2013-10-17T21:34:22Z
0.0,0.0,11.199999999999999,1.1854333333333333,103.61491666666667,2590.0,255.0,1382016882.0,2013-10-17T21:34:42Z
0.0,0.0,11.1,1.1851833333333333,103.61343333333333,2600.0,255.0,1382016911.0,2013-10-17T21:35:11Z
0.0,0.0,11.1,1.1849833333333333,103.61241666666666,2590.0,255.0,1382016931.0,2013-10-17T21:35:31Z
0.0,0.0,11.1,1.1848833333333333,103.61190000000001,2590.0,255.0,1382016942.0,2013-10-17T21:35:42Z
0.0,0.0,11.1,1.1848000000000001,103.6114,2590.0,255.0,1382016952.0,2013-10-17T21:35:52Z
0.0,0.0,11.1,1.1846166666666667,103.61036666666666,2590.0,255.0,1382016971.0,2013-10-17T21:36:11Z
0.0,0.0,11.199999999999999,1.1845166666666667,103.60986666666666,2590.0,255.0,1382016981.0,2013-10-17T21:36:21Z
0.0,0.0,11.199999999999999,1.1844166666666667,103.6093,2600.0,255.0,1382016992.0,2013-10-17T21:36:32Z
0.0,0.0,11.199999999999999,1.1843333333333332,103.60883333333334,2590.0,255.0,1382017001.0,2013-10-17T21:36:41Z
0.0,0.0,11.199999999999999,1.1842333333333332,103.60826666666667,2590.0,255.0,1382017012.0,2013-10-17T21:36:52Z
0.0,0.0,11.199999999999999,1.1840333333333333,103.6073,2580.0,255.0,1382017031.0,2013-10-17T21:37:11Z
0.0,0.0,11.199999999999999,1.1839333333333333,103.60678333333334,2590.0,255.0,1382017041.0,2013-10-17T21:37:21Z
0.0,0.0,11.199999999999999,1.1838166666666667,103.60621666666667,2590.0,255.0,1382017052.0,2013-10-17T21:37:32Z
0.0,0.0,11.300000000000001,1.1837333333333333,103.60576666666667,2580.0,255.0,1382017061.0,2013-10-17T21:37:41Z
0.0,0.0,11.300000000000001,1.1836166666666668,103.60525,2580.0,255.0,1382017071.0,2013-10-17T21:37:51Z
0.0,0.0,11.300000000000001,1.1832166666666666,103.60318333333333,2580.0,255.0,1382017112.0,2013-10-17T21:38:32Z
0.0,0.0,11.300000000000001,1.1830166666666666,103.60214999999999,2580.0,255.0,1382017131.0,2013-10-17T21:38:51Z
0.0,0.0,11.300000000000001,1.1828000000000001,103.60111666666667,2580.0,255.0,1382017151.0,2013-10-17T21:39:11Z
0.0,0.0,11.4,1.1826833333333333,103.60055,2580.0,255.0,1382017162.0,2013-10-17T21:39:22Z
0.0,0.0,11.4,1.1825833333333333,103.60003333333333,2580.0,255.0,1382017172.0,2013-10-17T21:39:32Z
0.0,0.0,11.4,1.1824833333333333,103.59956666666666,2580.0,255.0,1382017181.0,2013-10-17T21:39:41Z
0.0,0.0,11.4,1.1823666666666666,103.59905000000001,2580.0,255.0,1382017191.0,2013-10-17T21:39:51Z
0.0,0.0,11.4,1.18215,103.59801666666667,2580.0,255.0,1382017211.0,2013-10-17T21:40:11Z
0.0,0.0,11.4,1.1820333333333333,103.5975,2570.0,255.0,1382017221.0,2013-10-17T21:40:21Z
0.0,0.0,11.4,1.1819166666666667,103.59691666666667,2570.0,255.0,1382017232.0,2013-10-17T21:40:32Z
0.0,0.0,11.4,1.1818166666666667,103.59650000000001,2570.0,256.0,1382017241.0,2013-10-17T21:40:41Z
0.0,0.0,11.4,1.1817166666666667,103.59598333333334,2580.0,255.0,1382017251.0,2013-10-17T21:40:51Z
0.0,0.0,11.4,1.1816,103.59541666666667,2580.0,255.0,1382017261.0,2013-10-17T21:41:01Z
0.0,0.0,11.4,1.1813666666666667,103.59431666666667,2580.0,256.0,1382017281.0,2013-10-17T21:41:21Z
0.0,0.0,11.4,1.1812499999999999,103.5938,2580.0,255.0,1382017292.0,2013-10-17T21:41:32Z
0.0,0.0,11.4,1.1811499999999999,103.59333333333333,2570.0,256.0,1382017301.0,2013-10-17T21:41:41Z
0.0,0.0,11.4,1.1810333333333334,103.59281666666666,2580.0,256.0,1382017311.0,2013-10-17T21:41:51Z
0.0,0.0,11.4,1.1809499999999999,103.59228333333333,2590.0,256.0,1382017321.0,2013-10-17T21:42:01Z
0.0,0.0,11.4,1.18085,103.59171666666667,2600.0,255.0,1382017332.0,2013-10-17T21:42:12Z
0.0,0.0,11.300000000000001,1.1804666666666668,103.58968333333333,2590.0,255.0,1382017371.0,2013-10-17T21:42:51Z
0.0,0.0,11.300000000000001,1.1803666666666666,103.58916666666667,2590.0,255.0,1382017382.0,2013-10-17T21:43:02Z
0.0,0.0,11.300000000000001,1.1802666666666666,103.58865,2590.0,255.0,1382017392.0,2013-10-17T21:43:12Z
0.0,0.0,11.300000000000001,1.1801833333333334,103.58813333333333,2590.0,255.0,1382017402.0,2013-10-17T21:43:22Z
0.0,0.0,11.300000000000001,1.1800666666666666,103.58756666666666,2590.0,255.0,1382017412.0,2013-10-17T21:43:32Z
0.0,0.0,11.300000000000001,1.1798999999999999,103.58658333333334,2590.0,255.0,1382017431.0,2013-10-17T21:43:51Z
0.0,0.0,11.300000000000001,1.1797833333333334,103.58601666666667,2590.0,255.0,1382017442.0,2013-10-17T21:44:02Z
0.0,0.0,11.300000000000001,1.1796833333333334,103.58551666666666,2590.0,255.0,1382017452.0,2013-10-17T21:44:12Z
0.0,0.0,11.300000000000001,1.1796,103.58505,2590.0,255.0,1382017461.0,2013-10-17T21:44:21Z
0.0,0.0,11.300000000000001,1.1795,103.58448333333334,2590.0,255.0,1382017472.0,2013-10-17T21:44:32Z
0.0,0.0,11.199999999999999,1.1793,103.5835,2590.0,255.0,1382017491.0,2013-10-17T21:44:51Z
0.0,0.0,11.199999999999999,1.1792166666666666,103.58298333333333,2590.0,255.0,1382017501.0,2013-10-17T21:45:01Z
0.0,0.0,11.199999999999999,1.1791166666666666,103.58246666666666,2590.0,254.0,1382017511.0,2013-10-17T21:45:11Z
0.0,-127.0,11.199999999999999,1.1789166666666666,103.5814,2590.0,250.0,1382017532.0,2013-10-17T21:45:32Z
0.0,-127.0,11.1,1.1788333333333334,103.581,2580.0,247.0,1382017541.0,2013-10-17T21:45:41Z
0.0,-127.0,11.0,1.1787000000000001,103.58045,2560.0,243.0,1382017552.0,2013-10-17T21:45:52Z
0.0,-127.0,11.0,1.1786000000000001,103.58016666666667,2540.0,241.0,1382017558.0,2013-10-17T21:45:58Z
0.0,-127.0,11.0,1.1785333333333334,103.57996666666666,2530.0,240.0,1382017561.0,2013-10-17T21:46:01Z
0.0,-127.0,10.9,1.1783833333333333,103.57955,2510.0,237.0,1382017570.0,2013-10-17T21:46:10Z
0.0,-127.0,10.699999999999999,1.1780333333333333,103.57873333333333,2460.0,230.0,1382017589.0,2013-10-17T21:46:29Z
0.0,-127.0,10.6,1.1779333333333333,103.57855000000001,2450.0,229.0,1382017592.0,2013-10-17T21:46:32Z
0.0,-127.0,10.6,1.1778666666666666,103.57843333333334,2440.0,228.0,1382017595.0,2013-10-17T21:46:35Z
0.0,-127.0,10.6,1.1778,103.5783,2430.0,227.0,1382017598.0,2013-10-17T21:46:38Z
0.0,-127.0,10.5,1.1777166666666667,103.57816666666666,2420.0,226.0,1382017601.0,2013-10-17T21:46:41Z
0.0,-127.0,10.5,1.1776166666666668,103.57801666666667,2400.0,225.0,1382017605.0,2013-10-17T21:46:45Z
0.0,-127.0,10.5,1.1773333333333333,103.57763333333334,2370.0,223.0,1382017615.0,2013-10-17T21:46:55Z
0.0,-127.0,10.5,1.1771666666666667,103.5774,2360.0,221.0,1382017621.0,2013-10-17T21:47:01Z
0.0,-127.0,10.4,1.1770499999999999,103.57725000000001,2350.0,219.0,1382017625.0,2013-10-17T21:47:05Z
0.0,-127.0,10.300000000000001,1.17645,103.57656666666666,2290.0,214.0,1382017644.0,2013-10-17T21:47:24Z
0.0,-127.0,10.199999999999999,1.1763166666666667,103.57643333333333,2280.0,213.0,1382017648.0,2013-10-17T21:47:28Z
0.0,-127.0,10.199999999999999,1.1761833333333334,103.5763,2270.0,212.0,1382017652.0,2013-10-17T21:47:32Z
0.0,-127.0,10.199999999999999,1.1760833333333334,103.5762,2260.0,212.0,1382017654.0,2013-10-17T21:47:34Z
0.0,0.0,10.1,1.1751333333333334,103.57541666666667,2190.0,210.0,1382017681.0,2013-10-17T21:48:01Z
0.0,0.0,10.199999999999999,1.1724666666666668,103.57346666666666,2170.0,210.0,1382017751.0,2013-10-17T21:49:11Z
0.0,0.0,10.300000000000001,1.1713166666666666,103.57261666666666,2170.0,210.0,1382017781.0,2013-10-17T21:49:41Z
0.0,0.0,10.4,1.1690166666666666,103.57086666666666,2170.0,210.0,1382017841.0,2013-10-17T21:50:41Z
0.0,0.0,10.4,1.1682333333333332,103.57028333333334,2180.0,210.0,1382017861.0,2013-10-17T21:51:01Z
0.0,0.0,10.4,1.1667000000000001,103.56910000000001,2180.0,211.0,1382017901.0,2013-10-17T21:51:41Z
0.0,0.0,10.4,1.1644000000000001,103.5673,2170.0,210.0,1382017961.0,2013-10-17T21:52:41Z
0.0,0.0,10.300000000000001,1.1524166666666666,103.55823333333333,2160.0,208.0,1382018272.0,2013-10-17T21:57:52Z
0.0,0.0,10.300000000000001,1.1500999999999999,103.55651666666667,2170.0,210.0,1382018332.0,2013-10-17T21:58:52Z
0.0,0.0,10.300000000000001,1.1496833333333334,103.55618333333334,2180.0,210.0,1382018342.0,2013-10-17T21:59:02Z
0.0,0.0,10.300000000000001,1.1477833333333334,103.5547,2180.0,210.0,1382018392.0,2013-10-17T21:59:52Z
0.0,0.0,10.199999999999999,1.1386499999999999,103.54868333333333,2100.0,201.0,1382018622.0,2013-10-17T22:03:42Z
0.0,0.0,10.1,1.1365499999999999,103.54756666666667,2070.0,199.0,1382018671.0,2013-10-17T22:04:31Z
0.0,0.0,10.1,1.1360833333333333,103.54733333333333,2070.0,199.0,1382018682.0,2013-10-17T22:04:42Z
0.0,0.0,9.8000000000000007,1.1297833333333334,103.54434999999999,2000.0,190.0,1382018832.0,2013-10-17T22:07:12Z
0.0,0.0,9.8000000000000007,1.1293166666666667,103.5442,1990.0,190.0,1382018842.0,2013-10-17T22:07:22Z
0.0,0.0,9.8000000000000007,1.12845,103.54391666666666,1970.0,190.0,1382018862.0,2013-10-17T22:07:42Z
0.0,-127.0,9.5999999999999996,1.1267499999999999,103.54341666666667,1940.0,181.0,1382018902.0,2013-10-17T22:08:22Z
0.0,0.0,9.5999999999999996,1.1263166666666666,103.54331666666667,1920.0,180.0,1382018911.0,2013-10-17T22:08:31Z
0.0,0.0,9.5,1.1258833333333333,103.54325,1890.0,180.0,1382018922.0,2013-10-17T22:08:42Z
0.0,0.0,9.4000000000000004,1.1236833333333334,103.54295,1870.0,180.0,1382018971.0,2013-10-17T22:09:31Z
0.0,0.0,9.4000000000000004,1.1232,103.5429,1870.0,180.0,1382018982.0,2013-10-17T22:09:42Z
0.0,0.0,9.4000000000000004,1.1214999999999999,103.54268333333333,1870.0,180.0,1382019021.0,2013-10-17T22:10:21Z
0.0,0.0,9.4000000000000004,1.1189333333333333,103.54236666666667,1870.0,180.0,1382019081.0,2013-10-17T22:11:21Z
0.0,0.0,9.4000000000000004,1.1184499999999999,103.54231666666666,1860.0,180.0,1382019091.0,2013-10-17T22:11:31Z
0.0,0.0,9.4000000000000004,1.1179666666666668,103.54226666666666,1870.0,180.0,1382019103.0,2013-10-17T22:11:43Z
0.0,0.0,9.3000000000000007,1.1171,103.54216666666666,1860.0,180.0,1382019122.0,2013-10-17T22:12:02Z
0.0,0.0,9.4000000000000004,1.1162833333333333,103.54206666666667,1870.0,180.0,1382019141.0,2013-10-17T22:12:21Z
0.0,0.0,9.3000000000000007,1.1153666666666666,103.54195,1870.0,180.0,1382019162.0,2013-10-17T22:12:42Z
0.0,0.0,9.3000000000000007,1.1150166666666668,103.5419,1880.0,178.0,1382019170.0,2013-10-17T22:12:50Z
0.0,-127.0,9.3000000000000007,1.1145499999999999,103.54183333333333,1880.0,175.0,1382019182.0,2013-10-17T22:13:02Z
0.0,-127.0,9.0999999999999996,1.1138333333333332,103.54176666666666,1850.0,168.0,1382019198.0,2013-10-17T22:13:18Z
0.0,-127.0,9.0,1.1136999999999999,103.54176666666666,1840.0,166.0,1382019201.0,2013-10-17T22:13:21Z
0.0,-127.0,8.9000000000000004,1.1135833333333334,103.54176666666666,1830.0,164.0,1382019205.0,2013-10-17T22:13:25Z
0.0,-127.0,8.8000000000000007,1.1131833333333334,103.54178333333333,1790.0,158.0,1382019215.0,2013-10-17T22:13:35Z
0.0,-127.0,8.6999999999999993,1.1130500000000001,103.54178333333333,1770.0,157.0,1382019218.0,2013-10-17T22:13:38Z
0.0,-127.0,8.5999999999999996,1.1129,103.54179999999999,1750.0,155.0,1382019222.0,2013-10-17T22:13:42Z
0.0,-127.0,7.7999999999999998,1.1114999999999999,103.54236666666667,1490.0,130.0,1382019261.0,2013-10-17T22:14:21Z
0.0,-127.0,7.7000000000000002,1.1113999999999999,103.54246666666667,1460.0,129.0,1382019265.0,2013-10-17T22:14:25Z
0.0,-127.0,7.5999999999999996,1.1110833333333334,103.5428,1340.0,125.0,1382019278.0,2013-10-17T22:14:38Z
0.0,-127.0,7.5999999999999996,1.111,103.54291666666667,1310.0,124.0,1382019282.0,2013-10-17T22:14:42Z
0.0,-127.0,7.5999999999999996,1.1109333333333333,103.54301666666667,1290.0,124.0,1382019285.0,2013-10-17T22:14:45Z
0.0,-127.0,7.7000000000000002,1.1108,103.54321666666667,1260.0,123.0,1382019291.0,2013-10-17T22:14:51Z
0.0,0.0,8.0999999999999996,1.1099166666666667,103.54486666666666,1160.0,122.0,1382019342.0,2013-10-17T22:15:42Z
0.0,0.0,8.0999999999999996,1.10975,103.54516666666666,1160.0,122.0,1382019352.0,2013-10-17T22:15:52Z
0.0,0.0,8.3000000000000007,1.1092500000000001,103.5462,1160.0,122.0,1382019381.0,2013-10-17T22:16:21Z
0.0,0.0,8.3000000000000007,1.1090666666666666,103.54655,1160.0,122.0,1382019392.0,2013-10-17T22:16:32Z
0.0,0.0,8.4000000000000004,1.1087,103.54728333333334,1160.0,122.0,1382019412.0,2013-10-17T22:16:52Z
0.0,0.0,8.4000000000000004,1.1085333333333334,103.54765,1160.0,122.0,1382019422.0,2013-10-17T22:17:02Z
0.0,0.0,8.5,1.1080000000000001,103.5487,1160.0,123.0,1382019451.0,2013-10-17T22:17:31Z
0.0,0.0,8.5,1.1076666666666666,103.54938333333334,1160.0,122.0,1382019472.0,2013-10-17T22:17:52Z
0.0,0.0,8.5,1.1071333333333333,103.55045,1160.0,122.0,1382019501.0,2013-10-17T22:18:21Z
0.0,0.0,8.5999999999999996,1.1069500000000001,103.55081666666666,1160.0,122.0,1382019512.0,2013-10-17T22:18:32Z
0.0,0.0,8.5999999999999996,1.1067833333333332,103.55116666666666,1150.0,122.0,1382019521.0,2013-10-17T22:18:41Z
0.0,0.0,8.5999999999999996,1.1066,103.55153333333334,1150.0,122.0,1382019531.0,2013-10-17T22:18:51Z
0.0,0.0,8.5999999999999996,1.1064333333333334,103.5519,1150.0,122.0,1382019542.0,2013-10-17T22:19:02Z
0.0,0.0,8.5999999999999996,1.10605,103.55265,1150.0,122.0,1382019562.0,2013-10-17T22:19:22Z
0.0,0.0,8.5999999999999996,1.1058833333333333,103.55301666666666,1150.0,122.0,1382019572.0,2013-10-17T22:19:32Z
0.0,0.0,8.5999999999999996,1.1056999999999999,103.55338333333333,1150.0,122.0,1382019582.0,2013-10-17T22:19:42Z
0.0,0.0,8.5999999999999996,1.1053500000000001,103.55411666666667,1150.0,122.0,1382019601.0,2013-10-17T22:20:01Z
0.0,0.0,8.5999999999999996,1.1051833333333334,103.55446666666667,1150.0,122.0,1382019612.0,2013-10-17T22:20:12Z
0.0,0.0,8.5999999999999996,1.1050166666666668,103.5548,1150.0,122.0,1382019622.0,2013-10-17T22:20:22Z
0.0,0.0,8.5999999999999996,1.1048333333333333,103.55521666666667,1150.0,123.0,1382019632.0,2013-10-17T22:20:32Z
0.0,0.0,8.6999999999999993,1.1046666666666667,103.55553333333333,1150.0,124.0,1382019642.0,2013-10-17T22:20:42Z
0.0,0.0,8.5999999999999996,1.10395,103.55698333333333,1160.0,124.0,1382019682.0,2013-10-17T22:21:22Z
0.0,0.0,8.5999999999999996,1.1037666666666666,103.55735,1160.0,125.0,1382019691.0,2013-10-17T22:21:31Z
0.0,0.0,8.5999999999999996,1.10355,103.55775,1170.0,125.0,1382019702.0,2013-10-17T22:21:42Z
0.0,0.0,8.5999999999999996,1.1033500000000001,103.5581,1180.0,126.0,1382019712.0,2013-10-17T22:21:52Z
0.0,0.0,8.5999999999999996,1.1031666666666666,103.55844999999999,1180.0,126.0,1382019721.0,2013-10-17T22:22:01Z
0.0,0.0,8.5999999999999996,1.1029666666666667,103.55880000000001,1180.0,126.0,1382019732.0,2013-10-17T22:22:12Z
0.0,0.0,8.5999999999999996,1.1027833333333332,103.55913333333334,1180.0,126.0,1382019741.0,2013-10-17T22:22:21Z
0.0,0.0,8.5999999999999996,1.1025833333333332,103.55948333333333,1180.0,126.0,1382019750.0,2013-10-17T22:22:30Z
0.0,0.0,8.5999999999999996,1.1023833333333333,103.55983333333333,1190.0,126.0,1382019762.0,2013-10-17T22:22:42Z
0.0,0.0,8.5999999999999996,1.1021833333333333,103.56018333333333,1190.0,126.0,1382019772.0,2013-10-17T22:22:52Z
0.0,0.0,8.5999999999999996,1.1019833333333333,103.56053333333334,1190.0,126.0,1382019782.0,2013-10-17T22:23:02Z
0.0,0.0,8.5999999999999996,1.1012,103.56195,1190.0,126.0,1382019821.0,2013-10-17T22:23:41Z
0.0,0.0,8.5999999999999996,1.1010166666666668,103.56226666666667,1190.0,126.0,1382019831.0,2013-10-17T22:23:51Z
0.0,0.0,8.6999999999999993,1.0982166666666666,103.56725,1180.0,125.0,1382019972.0,2013-10-17T22:26:12Z
0.0,0.0,8.6999999999999993,1.0976166666666667,103.56836666666666,1180.0,126.0,1382020001.0,2013-10-17T22:26:41Z
0.0,0.0,8.6999999999999993,1.0970500000000001,103.5694,1180.0,126.0,1382020031.0,2013-10-17T22:27:11Z
0.0,0.0,8.6999999999999993,1.0964499999999999,103.57044999999999,1190.0,126.0,1382020061.0,2013-10-17T22:27:41Z
0.0,0.0,8.6999999999999993,1.0958333333333334,103.57151666666667,1190.0,126.0,1382020091.0,2013-10-17T22:28:11Z
0.0,0.0,8.6999999999999993,1.0952333333333333,103.57258333333333,1180.0,125.0,1382020122.0,2013-10-17T22:28:42Z
0.0,0.0,8.6999999999999993,1.0950666666666666,103.5729,1180.0,126.0,1382020131.0,2013-10-17T22:28:51Z
0.0,0.0,8.6999999999999993,1.0948500000000001,103.5733,1180.0,126.0,1382020142.0,2013-10-17T22:29:02Z
0.0,0.0,8.6999999999999993,1.0938333333333334,103.57506666666667,1190.0,127.0,1382020191.0,2013-10-17T22:29:51Z
0.0,0.0,8.6999999999999993,1.0935999999999999,103.57546666666667,1200.0,127.0,1382020202.0,2013-10-17T22:30:02Z
0.0,0.0,8.6999999999999993,1.0931999999999999,103.57613333333333,1200.0,128.0,1382020221.0,2013-10-17T22:30:21Z
0.0,0.0,8.6999999999999993,1.0927833333333334,103.57681666666667,1210.0,128.0,1382020241.0,2013-10-17T22:30:41Z
0.0,0.0,8.6999999999999993,1.0925666666666667,103.57716666666667,1210.0,128.0,1382020251.0,2013-10-17T22:30:51Z
0.0,0.0,8.6999999999999993,1.0923833333333333,103.57748333333333,1210.0,128.0,1382020261.0,2013-10-17T22:31:01Z
0.0,0.0,8.6999999999999993,1.0919333333333334,103.5782,1210.0,127.0,1382020282.0,2013-10-17T22:31:22Z
0.0,0.0,8.6999999999999993,1.0915166666666667,103.5789,1200.0,127.0,1382020302.0,2013-10-17T22:31:42Z
0.0,0.0,8.6999999999999993,1.0910833333333334,103.5796,1200.0,127.0,1382020320.0,2013-10-17T22:32:00Z
0.0,0.0,8.6999999999999993,1.0908833333333334,103.57995,1200.0,127.0,1382020332.0,2013-10-17T22:32:12Z
0.0,0.0,8.6999999999999993,1.0906666666666667,103.58029999999999,1200.0,127.0,1382020342.0,2013-10-17T22:32:22Z
0.0,0.0,8.6999999999999993,1.0900333333333334,103.58135,1210.0,128.0,1382020371.0,2013-10-17T22:32:51Z
0.0,0.0,8.8000000000000007,1.0898333333333334,103.58166666666666,1210.0,127.0,1382020380.0,2013-10-17T22:33:00Z
0.0,0.0,8.8000000000000007,1.0895999999999999,103.58206666666666,1210.0,128.0,1382020391.0,2013-10-17T22:33:11Z
0.0,0.0,8.8000000000000007,1.0893833333333334,103.58241666666666,1210.0,128.0,1382020402.0,2013-10-17T22:33:22Z
0.0,0.0,8.8000000000000007,1.0887500000000001,103.58343333333333,1210.0,128.0,1382020431.0,2013-10-17T22:33:51Z
0.0,0.0,8.9000000000000004,1.0869333333333333,103.58623333333334,1220.0,129.0,1382020511.0,2013-10-17T22:35:11Z
0.0,0.0,8.9000000000000004,1.0866833333333332,103.58661666666667,1230.0,129.0,1382020522.0,2013-10-17T22:35:22Z
0.0,0.0,8.9000000000000004,1.0862499999999999,103.58728333333333,1230.0,129.0,1382020541.0,2013-10-17T22:35:41Z
0.0,0.0,8.9000000000000004,1.0860166666666666,103.58763333333333,1230.0,128.0,1382020552.0,2013-10-17T22:35:52Z
0.0,0.0,8.9000000000000004,1.08575,103.58801666666666,1230.0,128.0,1382020563.0,2013-10-17T22:36:03Z
0.0,0.0,8.9000000000000004,1.0853166666666667,103.58868333333334,1230.0,128.0,1382020582.0,2013-10-17T22:36:22Z
0.0,0.0,8.9000000000000004,1.0851,103.58903333333333,1230.0,128.0,1382020591.0,2013-10-17T22:36:31Z
0.0,0.0,8.9000000000000004,1.0843833333333333,103.59011666666666,1230.0,128.0,1382020623.0,2013-10-17T22:37:03Z
0.0,0.0,8.9000000000000004,1.0841666666666667,103.59041666666667,1230.0,128.0,1382020631.0,2013-10-17T22:37:11Z
0.0,0.0,8.9000000000000004,1.0839166666666666,103.5908,1230.0,128.0,1382020642.0,2013-10-17T22:37:22Z
0.0,0.0,9.0,1.0825499999999999,103.59286666666667,1230.0,128.0,1382020702.0,2013-10-17T22:38:22Z
0.0,0.0,9.0,1.0823333333333334,103.59318333333333,1230.0,128.0,1382020711.0,2013-10-17T22:38:31Z
0.0,0.0,9.0,1.0818333333333334,103.59391666666667,1230.0,129.0,1382020731.0,2013-10-17T22:38:51Z
0.0,0.0,9.0,1.0815833333333333,103.5943,1240.0,129.0,1382020742.0,2013-10-17T22:39:02Z
0.0,0.0,9.0,1.0813666666666666,103.59461666666667,1240.0,129.0,1382020751.0,2013-10-17T22:39:11Z
0.0,0.0,9.0,1.0811166666666667,103.59495,1240.0,129.0,1382020761.0,2013-10-17T22:39:21Z
0.0,0.0,9.0,1.0808833333333334,103.59529999999999,1240.0,129.0,1382020771.0,2013-10-17T22:39:31Z
0.0,0.0,9.0,1.0806166666666666,103.59568333333333,1240.0,129.0,1382020782.0,2013-10-17T22:39:42Z
0.0,0.0,9.0,1.0803666666666667,103.59601666666667,1240.0,129.0,1382020792.0,2013-10-17T22:39:52Z
0.0,0.0,9.0,1.0799166666666666,103.59668333333333,1240.0,129.0,1382020811.0,2013-10-17T22:40:11Z
0.0,0.0,9.0,1.0791833333333334,103.59771666666667,1250.0,130.0,1382020842.0,2013-10-17T22:40:42Z
0.0,0.0,9.0999999999999996,1.0750333333333333,103.60358333333333,1240.0,128.0,1382021011.0,2013-10-17T22:43:31Z
0.0,0.0,9.0999999999999996,1.0747833333333334,103.60393333333333,1240.0,128.0,1382021021.0,2013-10-17T22:43:41Z
0.0,0.0,9.0999999999999996,1.07355,103.60575,1240.0,129.0,1382021071.0,2013-10-17T22:44:31Z
0.0,0.0,9.0999999999999996,1.0732999999999999,103.6061,1240.0,129.0,1382021081.0,2013-10-17T22:44:41Z
0.0,0.0,9.0999999999999996,1.0730333333333333,103.60648333333333,1250.0,130.0,1382021091.0,2013-10-17T22:44:51Z
0.0,0.0,9.0999999999999996,1.0715333333333332,103.60851666666667,1260.0,129.0,1382021152.0,2013-10-17T22:45:52Z
0.0,0.0,9.0999999999999996,1.071,103.60925,1250.0,129.0,1382021172.0,2013-10-17T22:46:12Z
0.0,0.0,9.1999999999999993,1.0697833333333333,103.61098333333334,1240.0,129.0,1382021221.0,2013-10-17T22:47:01Z
0.0,0.0,9.1999999999999993,1.0685333333333333,103.61273333333334,1250.0,129.0,1382021272.0,2013-10-17T22:47:52Z
0.0,0.0,9.1999999999999993,1.0682666666666667,103.61308333333334,1250.0,129.0,1382021282.0,2013-10-17T22:48:02Z
0.0,0.0,9.1999999999999993,1.0680000000000001,103.61346666666667,1250.0,129.0,1382021292.0,2013-10-17T22:48:12Z
0.0,0.0,9.1999999999999993,1.0677666666666668,103.61378333333333,1250.0,129.0,1382021301.0,2013-10-17T22:48:21Z
0.0,0.0,9.1999999999999993,1.0672833333333334,103.61445000000001,1250.0,129.0,1382021321.0,2013-10-17T22:48:41Z
0.0,0.0,9.3000000000000007,1.06575,103.61661666666667,1250.0,130.0,1382021381.0,2013-10-17T22:49:41Z
0.0,0.0,9.3000000000000007,1.0647166666666668,103.61801666666666,1250.0,129.0,1382021422.0,2013-10-17T22:50:22Z
0.0,0.0,9.3000000000000007,1.0642333333333334,103.61868333333334,1250.0,129.0,1382021441.0,2013-10-17T22:50:41Z
0.0,0.0,9.3000000000000007,1.06395,103.61906666666667,1250.0,129.0,1382021451.0,2013-10-17T22:50:51Z
0.0,0.0,9.4000000000000004,1.0631999999999999,103.62013333333333,1250.0,130.0,1382021481.0,2013-10-17T22:51:21Z
0.0,0.0,9.4000000000000004,1.0624166666666666,103.62118333333333,1260.0,129.0,1382021511.0,2013-10-17T22:51:51Z
0.0,0.0,9.4000000000000004,1.0621666666666667,103.62153333333333,1260.0,129.0,1382021521.0,2013-10-17T22:52:01Z
0.0,0.0,9.4000000000000004,1.0616333333333334,103.62228333333333,1250.0,129.0,1382021541.0,2013-10-17T22:52:21Z
0.0,0.0,9.4000000000000004,1.0606500000000001,103.62365,1250.0,129.0,1382021581.0,2013-10-17T22:53:01Z
0.0,0.0,9.5,1.05775,103.62761666666667,1260.0,129.0,1382021691.0,2013-10-17T22:54:51Z
0.0,0.0,9.5,1.0561666666666667,103.62975,1250.0,128.0,1382021751.0,2013-10-17T22:55:51Z
0.0,0.0,9.5,1.0546333333333333,103.63200000000001,1230.0,126.0,1382021812.0,2013-10-17T22:56:52Z
0.0,0.0,9.5,1.0538833333333333,103.63311666666667,1230.0,126.0,1382021842.0,2013-10-17T22:57:22Z
0.0,0.0,9.5,1.0536666666666668,103.63345,1230.0,126.0,1382021852.0,2013-10-17T22:57:32Z
0.0,0.0,9.5,1.05315,103.63423333333333,1230.0,127.0,1382021872.0,2013-10-17T22:57:52Z
0.0,0.0,9.5,1.0526500000000001,103.63496666666667,1240.0,126.0,1382021892.0,2013-10-17T22:58:12Z
0.0,0.0,9.5,1.0524,103.63533333333334,1240.0,126.0,1382021902.0,2013-10-17T22:58:22Z
0.0,0.0,9.5,1.0521499999999999,103.6357,1230.0,126.0,1382021912.0,2013-10-17T22:58:32Z
0.0,0.0,9.5,1.0519166666666666,103.63603333333333,1230.0,125.0,1382021922.0,2013-10-17T22:58:42Z
0.0,0.0,9.5999999999999996,1.05165,103.63645,1230.0,125.0,1382021932.0,2013-10-17T22:58:52Z
0.0,0.0,9.5999999999999996,1.04895,103.64060000000001,1220.0,126.0,1382022042.0,2013-10-17T23:00:42Z
0.0,0.0,9.5999999999999996,1.0487166666666667,103.64098333333334,1220.0,126.0,1382022052.0,2013-10-17T23:00:52Z
0.0,0.0,9.5999999999999996,1.048,103.64206666666666,1220.0,126.0,1382022082.0,2013-10-17T23:01:22Z
0.0,0.0,9.6999999999999993,1.0472333333333332,103.64324999999999,1230.0,126.0,1382022112.0,2013-10-17T23:01:52Z
0.0,0.0,9.6999999999999993,1.0462166666666666,103.64475,1230.0,126.0,1382022152.0,2013-10-17T23:02:32Z
0.0,0.0,9.6999999999999993,1.0444666666666667,103.64735,1230.0,126.0,1382022222.0,2013-10-17T23:03:42Z
0.0,-127.0,9.5,1.0427333333333333,103.65003333333334,1180.0,108.0,1382022292.0,2013-10-17T23:04:52Z
0.0,-127.0,9.5,1.0426666666666666,103.65015,1170.0,107.0,1382022295.0,2013-10-17T23:04:55Z
0.0,-127.0,9.4000000000000004,1.0425,103.65056666666666,1120.0,101.0,1382022305.0,2013-10-17T23:05:05Z
0.0,-127.0,9.4000000000000004,1.0423833333333334,103.651,1070.0,94.0,1382022315.0,2013-10-17T23:05:15Z
0.0,-127.0,9.4000000000000004,1.0423333333333333,103.65125,1040.0,91.0,1382022321.0,2013-10-17T23:05:21Z
0.0,-127.0,9.1999999999999993,1.0423500000000001,103.65258333333334,840.0,71.0,1382022351.0,2013-10-17T23:05:51Z
0.0,-127.0,9.1999999999999993,1.0423833333333334,103.65271666666666,820.0,70.0,1382022354.0,2013-10-17T23:05:54Z
0.0,-127.0,9.1999999999999993,1.0424166666666668,103.65285,800.0,68.0,1382022359.0,2013-10-17T23:05:59Z
0.0,-127.0,9.3000000000000007,1.0426666666666666,103.65349999999999,700.0,63.0,1382022375.0,2013-10-17T23:06:15Z
0.0,0.0,9.5,1.04325,103.65453333333333,590.0,58.0,1382022402.0,2013-10-17T23:06:42Z
0.0,0.0,9.9000000000000004,1.0443166666666666,103.65603333333334,540.0,59.0,1382022441.0,2013-10-17T23:07:21Z
0.0,0.0,9.9000000000000004,1.0446166666666667,103.65645000000001,540.0,59.0,1382022452.0,2013-10-17T23:07:32Z
0.0,0.0,10.1,1.0451666666666666,103.65721666666667,540.0,58.0,1382022472.0,2013-10-17T23:07:52Z
0.0,0.0,10.4,1.04935,103.6631,550.0,59.0,1382022621.0,2013-10-17T23:10:21Z
0.0,0.0,10.5,1.0502333333333334,103.66435,540.0,59.0,1382022652.0,2013-10-17T23:10:52Z
0.0,0.0,10.5,1.0521833333333332,103.66706666666667,540.0,59.0,1382022721.0,2013-10-17T23:12:01Z
0.0,0.0,10.5,1.0530666666666666,103.6683,540.0,59.0,1382022751.0,2013-10-17T23:12:31Z
0.0,0.0,10.5,1.0544833333333334,103.6703,540.0,59.0,1382022801.0,2013-10-17T23:13:21Z
0.0,0.0,10.5,1.0570833333333334,103.67393333333334,540.0,59.0,1382022892.0,2013-10-17T23:14:52Z
0.0,0.0,10.5,1.0581666666666667,103.6755,550.0,60.0,1382022930.0,2013-10-17T23:15:30Z
0.0,0.0,10.5,1.0584499999999999,103.6759,550.0,60.0,1382022941.0,2013-10-17T23:15:41Z
0.0,0.0,10.5,1.0592999999999999,103.67715,550.0,60.0,1382022972.0,2013-10-17T23:16:12Z
0.0,0.0,10.5,1.0601166666666666,103.67829999999999,550.0,59.0,1382023001.0,2013-10-17T23:16:41Z
0.0,0.0,10.5,1.06125,103.67995000000001,550.0,60.0,1382023042.0,2013-10-17T23:17:22Z
0.0,0.0,10.4,1.0615000000000001,103.6803,560.0,60.0,1382023051.0,2013-10-17T23:17:31Z
0.0,0.0,10.4,1.0617666666666667,103.6807,560.0,60.0,1382023061.0,2013-10-17T23:17:41Z
0.0,0.0,10.4,1.0626166666666668,103.68195,560.0,59.0,1382023092.0,2013-10-17T23:18:12Z
0.0,0.0,10.4,1.0633999999999999,103.68311666666666,550.0,59.0,1382023121.0,2013-10-17T23:18:41Z
0.0,0.0,10.4,1.0642166666666666,103.68431666666666,550.0,60.0,1382023152.0,2013-10-17T23:19:12Z
0.0,0.0,10.4,1.0645,103.68471666666667,550.0,60.0,1382023162.0,2013-10-17T23:19:22Z
0.0,0.0,10.4,1.0650166666666667,103.68553333333334,570.0,61.0,1382023181.0,2013-10-17T23:19:41Z
0.0,0.0,10.4,1.0661,103.6872,560.0,60.0,1382023223.0,2013-10-17T23:20:23Z
0.0,0.0,10.4,1.0666333333333333,103.688,560.0,61.0,1382023242.0,2013-10-17T23:20:42Z
0.0,0.0,10.300000000000001,1.0681833333333333,103.69045,570.0,61.0,1382023302.0,2013-10-17T23:21:42Z
0.0,0.0,10.300000000000001,1.0689333333333333,103.69163333333333,580.0,63.0,1382023331.0,2013-10-17T23:22:11Z
0.0,0.0,10.300000000000001,1.0691999999999999,103.69208333333333,580.0,63.0,1382023342.0,2013-10-17T23:22:22Z
0.0,0.0,10.300000000000001,1.0703833333333332,103.69413333333334,600.0,63.0,1382023391.0,2013-10-17T23:23:11Z
0.0,0.0,10.300000000000001,1.0706500000000001,103.69459999999999,600.0,63.0,1382023402.0,2013-10-17T23:23:22Z
0.0,0.0,10.300000000000001,1.0708666666666666,103.69496666666667,600.0,63.0,1382023411.0,2013-10-17T23:23:31Z
0.0,0.0,10.300000000000001,1.07135,103.69584999999999,600.0,64.0,1382023432.0,2013-10-17T23:23:52Z
0.0,0.0,10.300000000000001,1.0715833333333333,103.69626666666667,610.0,64.0,1382023442.0,2013-10-17T23:24:02Z
0.0,0.0,10.300000000000001,1.0720166666666666,103.69706666666667,610.0,64.0,1382023462.0,2013-10-17T23:24:22Z
0.0,0.0,10.199999999999999,1.0733999999999999,103.69965000000001,620.0,63.0,1382023522.0,2013-10-17T23:25:22Z
0.0,0.0,10.199999999999999,1.0736000000000001,103.70003333333334,620.0,63.0,1382023531.0,2013-10-17T23:25:31Z
0.0,0.0,10.300000000000001,1.0740833333333333,103.70091666666667,610.0,63.0,1382023552.0,2013-10-17T23:25:52Z
0.0,0.0,10.300000000000001,1.0743,103.7013,600.0,63.0,1382023561.0,2013-10-17T23:26:01Z
0.0,0.0,10.300000000000001,1.0745333333333333,103.70171666666667,600.0,63.0,1382023571.0,2013-10-17T23:26:11Z
0.0,0.0,10.300000000000001,1.0747833333333334,103.70218333333334,610.0,63.0,1382023581.0,2013-10-17T23:26:21Z
0.0,0.0,10.300000000000001,1.0749833333333334,103.70255,610.0,63.0,1382023591.0,2013-10-17T23:26:31Z
0.0,0.0,10.300000000000001,1.07545,103.7034,600.0,63.0,1382023612.0,2013-10-17T23:26:52Z
0.0,0.0,10.300000000000001,1.0756666666666668,103.70376666666667,600.0,63.0,1382023621.0,2013-10-17T23:27:01Z
0.0,0.0,10.199999999999999,1.0764,103.70505,600.0,62.0,1382023651.0,2013-10-17T23:27:31Z
0.0,0.0,10.199999999999999,1.0766333333333333,103.70546666666667,590.0,63.0,1382023661.0,2013-10-17T23:27:41Z
0.0,0.0,10.199999999999999,1.0771166666666667,103.7063,600.0,63.0,1382023681.0,2013-10-17T23:28:01Z
0.0,0.0,10.199999999999999,1.0773666666666666,103.70675,600.0,63.0,1382023692.0,2013-10-17T23:28:12Z
0.0,0.0,10.199999999999999,1.0775833333333333,103.70713333333333,600.0,63.0,1382023701.0,2013-10-17T23:28:21Z
0.0,0.0,10.199999999999999,1.0778000000000001,103.70755,600.0,64.0,1382023711.0,2013-10-17T23:28:31Z
0.0,0.0,10.199999999999999,1.0780333333333334,103.70796666666666,610.0,64.0,1382023720.0,2013-10-17T23:28:40Z
0.0,0.0,10.199999999999999,1.0785,103.70885,610.0,63.0,1382023742.0,2013-10-17T23:29:02Z
0.0,0.0,10.199999999999999,1.0787,103.70921666666666,610.0,63.0,1382023752.0,2013-10-17T23:29:12Z
0.0,0.0,10.199999999999999,1.0789333333333333,103.70963333333333,600.0,63.0,1382023761.0,2013-10-17T23:29:21Z
0.0,0.0,10.199999999999999,1.0793833333333334,103.71043333333333,600.0,63.0,1382023781.0,2013-10-17T23:29:41Z
0.0,0.0,10.300000000000001,1.0796333333333332,103.7109,600.0,63.0,1382023790.0,2013-10-17T23:29:50Z
0.0,0.0,10.300000000000001,1.0799000000000001,103.71135,600.0,63.0,1382023802.0,2013-10-17T23:30:02Z
0.0,0.0,10.300000000000001,1.0801333333333334,103.71176666666666,600.0,63.0,1382023812.0,2013-10-17T23:30:12Z
0.0,0.0,10.300000000000001,1.0803499999999999,103.71214999999999,610.0,63.0,1382023822.0,2013-10-17T23:30:22Z
0.0,0.0,10.300000000000001,1.0808,103.71299999999999,610.0,64.0,1382023841.0,2013-10-17T23:30:41Z
0.0,0.0,10.300000000000001,1.0812666666666666,103.71388333333333,610.0,63.0,1382023862.0,2013-10-17T23:31:02Z
0.0,0.0,10.300000000000001,1.0814833333333334,103.71426666666666,610.0,63.0,1382023872.0,2013-10-17T23:31:12Z
0.0,0.0,10.300000000000001,1.0817166666666667,103.71468333333333,600.0,63.0,1382023882.0,2013-10-17T23:31:22Z
0.0,0.0,10.300000000000001,1.0819333333333334,103.71506666666667,600.0,63.0,1382023891.0,2013-10-17T23:31:31Z
0.0,0.0,10.300000000000001,1.0828500000000001,103.71681666666667,620.0,63.0,1382023931.0,2013-10-17T23:32:11Z
0.0,0.0,10.4,1.0832999999999999,103.71766666666667,620.0,62.0,1382023951.0,2013-10-17T23:32:31Z
0.0,0.0,10.4,1.08355,103.71813333333333,610.0,62.0,1382023962.0,2013-10-17T23:32:42Z
0.0,0.0,10.4,1.0840166666666666,103.71898333333333,610.0,63.0,1382023982.0,2013-10-17T23:33:02Z
0.0,0.0,10.4,1.0844666666666667,103.71984999999999,620.0,64.0,1382024002.0,2013-10-17T23:33:22Z
0.0,0.0,10.300000000000001,1.0846499999999999,103.72018333333334,630.0,64.0,1382024010.0,2013-10-17T23:33:30Z
0.0,0.0,10.300000000000001,1.08535,103.72156666666666,620.0,63.0,1382024042.0,2013-10-17T23:34:02Z
0.0,0.0,10.300000000000001,1.0855666666666666,103.72199999999999,620.0,63.0,1382024052.0,2013-10-17T23:34:12Z
0.0,0.0,10.300000000000001,1.0859666666666667,103.72276666666667,620.0,63.0,1382024070.0,2013-10-17T23:34:30Z
0.0,0.0,10.300000000000001,1.0862166666666666,103.72323333333334,620.0,63.0,1382024082.0,2013-10-17T23:34:42Z
0.0,0.0,10.199999999999999,1.0866499999999999,103.72413333333333,630.0,60.0,1382024102.0,2013-10-17T23:35:02Z
0.0,0.0,10.199999999999999,1.0868666666666666,103.72456666666666,620.0,59.0,1382024112.0,2013-10-17T23:35:12Z
0.0,0.0,10.1,1.0872999999999999,103.72535000000001,600.0,57.0,1382024131.0,2013-10-17T23:35:31Z
0.0,0.0,10.1,1.0875666666666666,103.72578333333334,600.0,56.0,1382024142.0,2013-10-17T23:35:42Z
0.0,-127.0,9.9000000000000004,1.0883,103.72696666666667,560.0,50.0,1382024172.0,2013-10-17T23:36:12Z
0.0,-127.0,9.8000000000000007,1.0888166666666668,103.72761666666666,510.0,46.0,1382024191.0,2013-10-17T23:36:31Z
0.0,0.0,9.6999999999999993,1.0891500000000001,103.72798333333333,480.0,45.0,1382024201.0,2013-10-17T23:36:41Z
0.0,0.0,9.6999999999999993,1.0894666666666666,103.7283,450.0,44.0,1382024211.0,2013-10-17T23:36:51Z
0.0,0.0,9.6999999999999993,1.0898333333333334,103.72863333333333,430.0,44.0,1382024222.0,2013-10-17T23:37:02Z
0.0,0.0,9.6999999999999993,1.0901333333333334,103.72891666666666,430.0,43.0,1382024232.0,2013-10-17T23:37:12Z
0.0,0.0,9.6999999999999993,1.0904666666666667,103.72921666666667,420.0,43.0,1382024241.0,2013-10-17T23:37:21Z
0.0,0.0,9.6999999999999993,1.0914999999999999,103.73009999999999,400.0,42.0,1382024271.0,2013-10-17T23:37:51Z
0.0,0.0,9.6999999999999993,1.0932666666666666,103.73151666666666,380.0,42.0,1382024321.0,2013-10-17T23:38:41Z
0.0,0.0,9.6999999999999993,1.0936333333333332,103.73180000000001,380.0,42.0,1382024331.0,2013-10-17T23:38:51Z
0.0,0.0,9.6999999999999993,1.0940166666666666,103.73211666666667,380.0,43.0,1382024342.0,2013-10-17T23:39:02Z
0.0,0.0,9.6999999999999993,1.0943666666666667,103.7324,390.0,43.0,1382024352.0,2013-10-17T23:39:12Z
0.0,0.0,9.6999999999999993,1.0964499999999999,103.73415,400.0,43.0,1382024412.0,2013-10-17T23:40:12Z
0.0,0.0,9.6999999999999993,1.0971,103.73471666666667,400.0,43.0,1382024431.0,2013-10-17T23:40:31Z
0.0,0.0,9.6999999999999993,1.0977833333333333,103.73531666666666,410.0,43.0,1382024452.0,2013-10-17T23:40:52Z
0.0,0.0,9.6999999999999993,1.0984666666666667,103.73591666666667,410.0,42.0,1382024471.0,2013-10-17T23:41:11Z
0.0,0.0,9.8000000000000007,1.0991666666666666,103.73650000000001,390.0,42.0,1382024491.0,2013-10-17T23:41:31Z
0.0,0.0,9.8000000000000007,1.0995166666666667,103.7368,390.0,42.0,1382024501.0,2013-10-17T23:41:41Z
0.0,0.0,9.9000000000000004,1.1012833333333334,103.73828333333333,390.0,42.0,1382024551.0,2013-10-17T23:42:31Z
0.0,0.0,9.9000000000000004,1.1016333333333332,103.73856666666667,390.0,42.0,1382024561.0,2013-10-17T23:42:41Z
0.0,0.0,9.9000000000000004,1.1027,103.73945000000001,400.0,43.0,1382024591.0,2013-10-17T23:43:11Z
0.0,0.0,9.9000000000000004,1.1037166666666667,103.74038333333333,420.0,43.0,1382024621.0,2013-10-17T23:43:41Z
0.0,0.0,9.9000000000000004,1.1047166666666666,103.74128333333333,410.0,42.0,1382024651.0,2013-10-17T23:44:11Z
1.0,-128.0,10.0,1.1057666666666666,103.74221666666666,410.0,42.0,1382024681.0,2013-10-17T23:44:41Z
0.0,0.0,10.0,1.1065666666666667,103.74293333333334,420.0,43.0,1382024702.0,2013-10-17T23:45:02Z
0.0,0.0,10.0,1.1071666666666666,103.7435,430.0,43.0,1382024720.0,2013-10-17T23:45:20Z
0.0,0.0,10.0,1.10785,103.74413333333334,420.0,43.0,1382024741.0,2013-10-17T23:45:41Z
0.0,0.0,10.0,1.1082000000000001,103.74445,420.0,42.0,1382024752.0,2013-10-17T23:45:52Z
0.0,0.0,10.0,1.1088833333333334,103.74508333333333,420.0,42.0,1382024771.0,2013-10-17T23:46:11Z
0.0,0.0,10.0,1.1098833333333333,103.74598333333333,410.0,43.0,1382024800.0,2013-10-17T23:46:40Z
0.0,0.0,9.9000000000000004,1.11195,103.74791666666667,430.0,43.0,1382024860.0,2013-10-17T23:47:40Z
0.0,0.0,9.9000000000000004,1.1123166666666666,103.74826666666667,430.0,43.0,1382024872.0,2013-10-17T23:47:52Z
0.0,0.0,9.9000000000000004,1.1129500000000001,103.74888333333334,440.0,42.0,1382024892.0,2013-10-17T23:48:12Z
0.0,0.0,9.9000000000000004,1.1132500000000001,103.74916666666667,440.0,42.0,1382024901.0,2013-10-17T23:48:21Z
0.0,0.0,9.9000000000000004,1.1146666666666667,103.7505,420.0,42.0,1382024942.0,2013-10-17T23:49:02Z
0.0,0.0,9.8000000000000007,1.1149833333333334,103.75078333333333,420.0,41.0,1382024951.0,2013-10-17T23:49:11Z
0.0,0.0,9.5999999999999996,1.1160000000000001,103.75166666666667,400.0,42.0,1382024982.0,2013-10-17T23:49:42Z
0.0,0.0,9.5,1.1163333333333334,103.75196666666666,410.0,42.0,1382024992.0,2013-10-17T23:49:52Z
0.0,0.0,9.4000000000000004,1.1169833333333334,103.75255,410.0,43.0,1382025011.0,2013-10-17T23:50:11Z
0.0,0.0,9.0999999999999996,1.1182833333333333,103.75373333333333,420.0,44.0,1382025052.0,2013-10-17T23:50:52Z
0.0,0.0,8.9000000000000004,1.1198333333333332,103.75513333333333,420.0,43.0,1382025102.0,2013-10-17T23:51:42Z
0.0,0.0,8.8000000000000007,1.1204166666666666,103.75566666666667,420.0,43.0,1382025122.0,2013-10-17T23:52:02Z
0.0,0.0,8.8000000000000007,1.1207166666666666,103.75593333333333,420.0,43.0,1382025131.0,2013-10-17T23:52:11Z
0.0,0.0,8.6999999999999993,1.12165,103.75678333333333,410.0,43.0,1382025162.0,2013-10-17T23:52:42Z
0.0,0.0,8.5999999999999996,1.1234666666666666,103.75839999999999,420.0,44.0,1382025222.0,2013-10-17T23:53:42Z
0.0,0.0,8.5999999999999996,1.1237666666666666,103.75866666666667,420.0,44.0,1382025232.0,2013-10-17T23:53:52Z
0.0,0.0,8.5999999999999996,1.1240333333333334,103.75891666666666,420.0,44.0,1382025241.0,2013-10-17T23:54:01Z
0.0,0.0,8.5999999999999996,1.1243333333333334,103.75918333333334,410.0,43.0,1382025252.0,2013-10-17T23:54:12Z
0.0,0.0,8.5999999999999996,1.1249333333333333,103.75971666666666,400.0,43.0,1382025272.0,2013-10-17T23:54:32Z
0.0,0.0,8.5999999999999996,1.1255166666666667,103.7602,400.0,44.0,1382025291.0,2013-10-17T23:54:51Z
0.0,0.0,8.5999999999999996,1.1258166666666667,103.76046666666667,400.0,44.0,1382025301.0,2013-10-17T23:55:01Z
0.0,0.0,8.5999999999999996,1.12615,103.76076666666667,410.0,45.0,1382025311.0,2013-10-17T23:55:11Z
0.0,0.0,8.5999999999999996,1.1270666666666667,103.76161666666667,420.0,44.0,1382025342.0,2013-10-17T23:55:42Z
0.0,0.0,8.5999999999999996,1.1273,103.76183333333333,420.0,44.0,1382025351.0,2013-10-17T23:55:51Z
0.0,0.0,8.5999999999999996,1.1276333333333333,103.76213333333334,420.0,44.0,1382025361.0,2013-10-17T23:56:01Z
0.0,0.0,8.5999999999999996,1.1279333333333332,103.7624,420.0,44.0,1382025371.0,2013-10-17T23:56:11Z
0.0,0.0,8.5999999999999996,1.1282000000000001,103.76264999999999,420.0,44.0,1382025380.0,2013-10-17T23:56:20Z
0.0,0.0,8.5999999999999996,1.1285666666666667,103.76298333333334,420.0,44.0,1382025393.0,2013-10-17T23:56:33Z
0.0,0.0,8.5999999999999996,1.1291,103.76346666666667,420.0,44.0,1382025411.0,2013-10-17T23:56:51Z
0.0,0.0,8.5999999999999996,1.1294,103.76373333333333,420.0,44.0,1382025421.0,2013-10-17T23:57:01Z
0.0,0.0,8.5999999999999996,1.1297166666666667,103.76403333333333,420.0,44.0,1382025431.0,2013-10-17T23:57:11Z
0.0,0.0,8.5999999999999996,1.1299999999999999,103.76428333333334,410.0,43.0,1382025440.0,2013-10-17T23:57:20Z
0.0,0.0,8.5999999999999996,1.1303666666666667,103.7646,410.0,43.0,1382025452.0,2013-10-17T23:57:32Z
0.0,0.0,8.5999999999999996,1.1306666666666667,103.76485,400.0,44.0,1382025462.0,2013-10-17T23:57:42Z
0.0,0.0,8.5999999999999996,1.1309333333333333,103.76508333333334,400.0,44.0,1382025471.0,2013-10-17T23:57:51Z
0.0,0.0,8.5999999999999996,1.1312500000000001,103.76535,400.0,45.0,1382025481.0,2013-10-17T23:58:01Z
0.0,0.0,8.5999999999999996,1.1315666666666666,103.76560000000001,400.0,46.0,1382025491.0,2013-10-17T23:58:11Z
0.0,0.0,8.6999999999999993,1.1318666666666666,103.76586666666667,400.0,47.0,1382025501.0,2013-10-17T23:58:21Z
0.0,0.0,8.5999999999999996,1.1321833333333333,103.76616666666666,420.0,49.0,1382025512.0,2013-10-17T23:58:32Z
0.0,0.0,8.5999999999999996,1.1324833333333333,103.76645000000001,430.0,50.0,1382025522.0,2013-10-17T23:58:42Z
0.0,0.0,8.5999999999999996,1.1327166666666666,103.76668333333333,440.0,50.0,1382025530.0,2013-10-17T23:58:50Z
0.0,0.0,8.5999999999999996,1.1329833333333332,103.76698333333333,450.0,51.0,1382025541.0,2013-10-17T23:59:01Z
0.0,0.0,8.5999999999999996,1.1332833333333334,103.76730000000001,460.0,52.0,1382025551.0,2013-10-17T23:59:11Z
0.0,0.0,8.5999999999999996,1.1335333333333333,103.76756666666667,470.0,52.0,1382025561.0,2013-10-17T23:59:21Z
0.0,0.0,8.5999999999999996,1.1341000000000001,103.76824999999999,500.0,54.0,1382025582.0,2013-10-17T23:59:42Z
0.0,0.0,8.5999999999999996,1.1343000000000001,103.7685,510.0,53.0,1382025590.0,2013-10-17T23:59:50Z
0.0,0.0,8.5999999999999996,1.1345833333333333,103.76885,510.0,53.0,1382025601.0,2013-10-18T00:00:01Z
0.0,0.0,8.5999999999999996,1.1350833333333334,103.76946666666667,510.0,54.0,1382025621.0,2013-10-18T00:00:21Z
0.0,0.0,8.5999999999999996,1.1356166666666667,103.77011666666667,510.0,54.0,1382025642.0,2013-10-18T00:00:42Z
0.0,0.0,8.5999999999999996,1.1363333333333334,103.77103333333334,520.0,54.0,1382025671.0,2013-10-18T00:01:11Z
0.0,0.0,8.5999999999999996,1.1365833333333333,103.77135,520.0,54.0,1382025682.0,2013-10-18T00:01:22Z
0.0,0.0,8.5999999999999996,1.1370666666666667,103.77198333333334,520.0,54.0,1382025701.0,2013-10-18T00:01:41Z
0.0,0.0,8.5999999999999996,1.1373,103.77226666666667,520.0,54.0,1382025711.0,2013-10-18T00:01:51Z
0.0,0.0,8.5999999999999996,1.1378166666666667,103.77291666666666,510.0,54.0,1382025731.0,2013-10-18T00:02:11Z
0.0,0.0,8.5999999999999996,1.1388,103.77416666666667,520.0,54.0,1382025771.0,2013-10-18T00:02:51Z
0.0,0.0,8.5999999999999996,1.1400333333333332,103.77575,510.0,54.0,1382025821.0,2013-10-18T00:03:41Z
0.0,0.0,8.5999999999999996,1.1402666666666668,103.77603333333333,510.0,54.0,1382025831.0,2013-10-18T00:03:51Z
0.0,0.0,8.5999999999999996,1.14055,103.77638333333333,510.0,54.0,1382025841.0,2013-10-18T00:04:01Z
0.0,0.0,8.5999999999999996,1.1408166666666666,103.77671666666667,510.0,54.0,1382025852.0,2013-10-18T00:04:12Z
0.0,0.0,8.5999999999999996,1.1415333333333333,103.77758333333334,510.0,54.0,1382025881.0,2013-10-18T00:04:41Z
0.0,0.0,8.5999999999999996,1.1417833333333334,103.7779,510.0,54.0,1382025890.0,2013-10-18T00:04:50Z
0.0,0.0,8.6999999999999993,1.1423333333333334,103.7786,510.0,54.0,1382025912.0,2013-10-18T00:05:12Z
0.0,0.0,8.6999999999999993,1.1425666666666667,103.77889999999999,510.0,55.0,1382025921.0,2013-10-18T00:05:21Z
0.0,0.0,8.5999999999999996,1.1435500000000001,103.78016666666667,510.0,54.0,1382025961.0,2013-10-18T00:06:01Z
0.0,0.0,8.5999999999999996,1.1438333333333333,103.78051666666667,510.0,55.0,1382025973.0,2013-10-18T00:06:13Z
0.0,0.0,8.5999999999999996,1.14405,103.7808,510.0,55.0,1382025982.0,2013-10-18T00:06:22Z
0.0,0.0,8.5999999999999996,1.14455,103.78145000000001,520.0,55.0,1382026002.0,2013-10-18T00:06:42Z
0.0,0.0,8.5999999999999996,1.145,103.78206666666667,520.0,55.0,1382026021.0,2013-10-18T00:07:01Z
0.0,0.0,8.5999999999999996,1.1452500000000001,103.78238333333333,520.0,55.0,1382026030.0,2013-10-18T00:07:10Z
0.0,0.0,8.5999999999999996,1.1465333333333334,103.78404999999999,510.0,55.0,1382026082.0,2013-10-18T00:08:02Z
0.0,0.0,8.5,1.1467499999999999,103.78433333333334,510.0,55.0,1382026090.0,2013-10-18T00:08:10Z
0.0,0.0,8.5,1.1469833333333332,103.78465,520.0,55.0,1382026101.0,2013-10-18T00:08:21Z
0.0,0.0,8.5,1.1474833333333334,103.78528333333334,510.0,55.0,1382026122.0,2013-10-18T00:08:42Z
0.0,0.0,8.5,1.1479833333333334,103.7859,510.0,55.0,1382026142.0,2013-10-18T00:09:02Z
0.0,0.0,8.5,1.1482000000000001,103.78616666666667,510.0,55.0,1382026151.0,2013-10-18T00:09:11Z
0.0,0.0,8.4000000000000004,1.1494500000000001,103.78773333333334,520.0,55.0,1382026202.0,2013-10-18T00:10:02Z
0.0,0.0,8.4000000000000004,1.1496833333333334,103.78805,520.0,55.0,1382026211.0,2013-10-18T00:10:11Z
0.0,0.0,8.4000000000000004,1.1499666666666666,103.78838333333333,520.0,55.0,1382026222.0,2013-10-18T00:10:22Z
0.0,0.0,8.4000000000000004,1.15045,103.789,510.0,55.0,1382026241.0,2013-10-18T00:10:41Z
0.0,0.0,8.4000000000000004,1.1509333333333334,103.78961666666666,520.0,56.0,1382026262.0,2013-10-18T00:11:02Z
0.0,0.0,8.5,1.1514166666666668,103.79025,530.0,56.0,1382026282.0,2013-10-18T00:11:22Z
0.0,0.0,8.5,1.1518666666666666,103.79086666666667,530.0,55.0,1382026302.0,2013-10-18T00:11:42Z
0.0,0.0,8.5,1.1523333333333334,103.7915,530.0,55.0,1382026321.0,2013-10-18T00:12:01Z
0.0,0.0,8.5,1.1525666666666667,103.79176666666666,530.0,55.0,1382026331.0,2013-10-18T00:12:11Z
0.0,0.0,8.5,1.1530833333333332,103.79241666666667,520.0,54.0,1382026351.0,2013-10-18T00:12:31Z
0.0,0.0,8.5999999999999996,1.1533666666666667,103.79276666666667,510.0,54.0,1382026361.0,2013-10-18T00:12:41Z
0.0,0.0,8.5999999999999996,1.1538666666666666,103.79338333333334,500.0,55.0,1382026382.0,2013-10-18T00:13:02Z
0.0,0.0,8.5999999999999996,1.1545666666666667,103.79431666666666,530.0,56.0,1382026412.0,2013-10-18T00:13:32Z
0.0,0.0,8.6999999999999993,1.1553166666666668,103.79531666666666,520.0,55.0,1382026442.0,2013-10-18T00:14:02Z
0.0,0.0,8.6999999999999993,1.1555166666666667,103.79556666666667,520.0,55.0,1382026450.0,2013-10-18T00:14:10Z
0.0,0.0,8.5999999999999996,1.1558166666666667,103.79595,510.0,55.0,1382026462.0,2013-10-18T00:14:22Z
0.0,0.0,8.5999999999999996,1.15605,103.79623333333333,510.0,56.0,1382026471.0,2013-10-18T00:14:31Z
0.0,0.0,8.4000000000000004,1.1572499999999999,103.79783333333333,540.0,57.0,1382026522.0,2013-10-18T00:15:22Z
0.0,0.0,8.4000000000000004,1.1576833333333334,103.79843333333334,540.0,57.0,1382026541.0,2013-10-18T00:15:41Z
0.0,0.0,8.3000000000000007,1.1579166666666667,103.79878333333333,540.0,57.0,1382026552.0,2013-10-18T00:15:52Z
0.0,0.0,8.1999999999999993,1.1585833333333333,103.79973333333334,550.0,58.0,1382026582.0,2013-10-18T00:16:22Z
0.0,0.0,8.1999999999999993,1.1587666666666667,103.80001666666666,550.0,58.0,1382026591.0,2013-10-18T00:16:31Z
0.0,0.0,8.1999999999999993,1.1589833333333333,103.80031666666666,560.0,58.0,1382026601.0,2013-10-18T00:16:41Z
0.0,0.0,8.0,1.1600166666666667,103.80183333333333,550.0,57.0,1382026651.0,2013-10-18T00:17:31Z
0.0,0.0,8.0,1.16025,103.80216666666666,550.0,57.0,1382026661.0,2013-10-18T00:17:41Z
0.0,0.0,8.0,1.1604833333333333,103.80249999999999,550.0,56.0,1382026672.0,2013-10-18T00:17:52Z
0.0,0.0,7.9000000000000004,1.1607000000000001,103.8028,540.0,56.0,1382026681.0,2013-10-18T00:18:01Z
0.0,0.0,7.9000000000000004,1.1609,103.80306666666667,530.0,56.0,1382026691.0,2013-10-18T00:18:11Z
0.0,0.0,7.9000000000000004,1.1613666666666667,103.80365,520.0,57.0,1382026711.0,2013-10-18T00:18:31Z
0.0,0.0,7.9000000000000004,1.1618333333333333,103.80426666666666,520.0,58.0,1382026732.0,2013-10-18T00:18:52Z
0.0,0.0,7.9000000000000004,1.16205,103.80453333333334,520.0,59.0,1382026741.0,2013-10-18T00:19:01Z
0.0,0.0,7.9000000000000004,1.1622666666666666,103.80483333333333,530.0,61.0,1382026751.0,2013-10-18T00:19:11Z
0.0,0.0,7.9000000000000004,1.1626333333333334,103.80541666666667,580.0,63.0,1382026771.0,2013-10-18T00:19:31Z
0.0,0.0,7.7999999999999998,1.1631833333333332,103.80641666666666,610.0,63.0,1382026801.0,2013-10-18T00:20:01Z
0.0,0.0,7.7999999999999998,1.1635500000000001,103.80708333333334,610.0,63.0,1382026821.0,2013-10-18T00:20:21Z
0.0,0.0,7.7999999999999998,1.1637,103.80738333333333,610.0,63.0,1382026830.0,2013-10-18T00:20:30Z
0.0,0.0,7.7999999999999998,1.1640666666666666,103.80804999999999,610.0,64.0,1382026852.0,2013-10-18T00:20:52Z
0.0,0.0,7.9000000000000004,1.1642166666666667,103.80835,620.0,64.0,1382026862.0,2013-10-18T00:21:02Z
0.0,0.0,7.9000000000000004,1.1647166666666666,103.80931666666666,620.0,63.0,1382026891.0,2013-10-18T00:21:31Z
0.0,0.0,7.9000000000000004,1.1650833333333332,103.81,620.0,63.0,1382026912.0,2013-10-18T00:21:52Z
0.0,0.0,8.0,1.1656,103.81095000000001,620.0,64.0,1382026941.0,2013-10-18T00:22:21Z
0.0,0.0,7.9000000000000004,1.1662833333333333,103.81226666666667,630.0,64.0,1382026982.0,2013-10-18T00:23:02Z
0.0,0.0,8.0,1.1666166666666666,103.81296666666667,640.0,64.0,1382027002.0,2013-10-18T00:23:22Z
0.0,0.0,8.0,1.1671166666666666,103.81396666666667,630.0,64.0,1382027032.0,2013-10-18T00:23:52Z
0.0,0.0,8.0999999999999996,1.1672833333333332,103.81428333333334,630.0,64.0,1382027041.0,2013-10-18T00:24:01Z
0.0,0.0,8.0,1.1674666666666667,103.81463333333333,630.0,65.0,1382027052.0,2013-10-18T00:24:12Z
0.0,0.0,8.0,1.1676166666666667,103.81493333333333,630.0,65.0,1382027062.0,2013-10-18T00:24:22Z
0.0,0.0,8.0,1.1679333333333333,103.81558333333334,640.0,65.0,1382027081.0,2013-10-18T00:24:41Z
0.0,0.0,8.0999999999999996,1.1695500000000001,103.81905,650.0,66.0,1382027181.0,2013-10-18T00:26:21Z
0.0,0.0,8.0999999999999996,1.1697,103.81935,650.0,66.0,1382027191.0,2013-10-18T00:26:31Z
0.0,0.0,8.0999999999999996,1.1711,103.82245,660.0,68.0,1382027282.0,2013-10-18T00:28:02Z
0.0,0.0,8.0,1.1717166666666667,103.82384999999999,660.0,67.0,1382027322.0,2013-10-18T00:28:42Z
0.0,0.0,8.0,1.1720166666666667,103.82451666666667,660.0,68.0,1382027342.0,2013-10-18T00:29:02Z
0.0,0.0,8.0,1.1724333333333334,103.82551666666667,660.0,68.0,1382027372.0,2013-10-18T00:29:32Z
0.0,0.0,8.0,1.1728666666666667,103.82653333333333,670.0,69.0,1382027402.0,2013-10-18T00:30:02Z
0.0,0.0,7.9000000000000004,1.1741333333333333,103.82965,660.0,68.0,1382027492.0,2013-10-18T00:31:32Z
0.0,0.0,7.9000000000000004,1.1746833333333333,103.83098333333334,680.0,69.0,1382027531.0,2013-10-18T00:32:11Z
0.0,0.0,7.9000000000000004,1.1750666666666667,103.83198333333333,680.0,69.0,1382027561.0,2013-10-18T00:32:41Z
0.0,0.0,7.9000000000000004,1.1753499999999999,103.83271666666667,680.0,69.0,1382027582.0,2013-10-18T00:33:02Z
0.0,0.0,7.9000000000000004,1.1754833333333334,103.83308333333333,690.0,68.0,1382027591.0,2013-10-18T00:33:11Z
0.0,0.0,7.9000000000000004,1.1757500000000001,103.83376666666666,680.0,67.0,1382027612.0,2013-10-18T00:33:32Z
0.0,0.0,7.7999999999999998,1.1761666666666666,103.83478333333333,680.0,68.0,1382027642.0,2013-10-18T00:34:02Z
0.0,0.0,7.7999999999999998,1.1762833333333333,103.83508333333333,680.0,68.0,1382027652.0,2013-10-18T00:34:12Z
0.0,0.0,7.7999999999999998,1.1764166666666667,103.83541666666666,680.0,68.0,1382027661.0,2013-10-18T00:34:21Z
0.0,0.0,7.7000000000000002,1.17655,103.83578333333334,690.0,69.0,1382027672.0,2013-10-18T00:34:32Z
0.0,0.0,7.7000000000000002,1.17665,103.83605,690.0,69.0,1382027681.0,2013-10-18T00:34:41Z
0.0,0.0,7.7999999999999998,1.1768000000000001,103.83646666666667,700.0,68.0,1382027692.0,2013-10-18T00:34:52Z
0.0,0.0,7.7999999999999998,1.1770333333333334,103.83711666666666,690.0,68.0,1382027712.0,2013-10-18T00:35:12Z
0.0,0.0,7.7999999999999998,1.1771499999999999,103.83743333333334,690.0,67.0,1382027721.0,2013-10-18T00:35:21Z
0.0,0.0,7.9000000000000004,1.1774333333333333,103.83813333333333,680.0,67.0,1382027741.0,2013-10-18T00:35:41Z
0.0,0.0,7.7999999999999998,1.1777333333333333,103.83883333333333,670.0,68.0,1382027761.0,2013-10-18T00:36:01Z
0.0,0.0,7.7000000000000002,1.1779999999999999,103.83946666666667,670.0,67.0,1382027781.0,2013-10-18T00:36:21Z
0.0,0.0,7.7000000000000002,1.1784333333333334,103.84045,660.0,68.0,1382027812.0,2013-10-18T00:36:52Z
0.0,0.0,7.7999999999999998,1.1787166666666666,103.84111666666666,670.0,68.0,1382027832.0,2013-10-18T00:37:12Z
0.0,0.0,7.7999999999999998,1.1789833333333333,103.84178333333334,670.0,68.0,1382027853.0,2013-10-18T00:37:33Z
0.0,0.0,7.7999999999999998,1.1791,103.84205,670.0,68.0,1382027861.0,2013-10-18T00:37:41Z
0.0,0.0,7.9000000000000004,1.1794166666666666,103.8428,670.0,68.0,1382027882.0,2013-10-18T00:38:02Z
0.0,0.0,7.9000000000000004,1.1795500000000001,103.84314999999999,670.0,69.0,1382027892.0,2013-10-18T00:38:12Z
0.0,0.0,7.9000000000000004,1.18022,103.84486666666666,1970.0,184.0,1382027942.0,2013-10-18T00:39:02Z
0.0,0.0,7.9000000000000004,1.1806666666666668,103.84618333333333,710.0,69.0,1382027980.0,2013-10-18T00:39:40Z
0.0,0.0,7.9000000000000004,1.1810333333333334,103.8473,720.0,70.0,1382028012.0,2013-10-18T00:40:12Z
0.0,0.0,7.7999999999999998,1.1815833333333334,103.84905000000001,710.0,68.0,1382028063.0,2013-10-18T00:41:03Z
0.0,0.0,7.7999999999999998,1.1820833333333334,103.85041666666666,680.0,66.0,1382028102.0,2013-10-18T00:41:42Z
0.0,0.0,7.9000000000000004,1.1823666666666666,103.85108333333334,660.0,65.0,1382028122.0,2013-10-18T00:42:02Z
0.0,0.0,7.9000000000000004,1.1826833333333333,103.85175,640.0,64.0,1382028142.0,2013-10-18T00:42:22Z
0.0,0.0,8.0,1.1830166666666666,103.85241666666667,620.0,65.0,1382028162.0,2013-10-18T00:42:42Z
0.0,0.0,8.0999999999999996,1.1842833333333334,103.85509999999999,650.0,66.0,1382028242.0,2013-10-18T00:44:02Z
0.0,0.0,8.0999999999999996,1.18445,103.85545,650.0,66.0,1382028252.0,2013-10-18T00:44:12Z
0.0,0.0,8.1999999999999993,1.1853833333333332,103.85753333333334,660.0,67.0,1382028312.0,2013-10-18T00:45:12Z
0.0,0.0,8.1999999999999993,1.1855,103.85783333333333,670.0,67.0,1382028322.0,2013-10-18T00:45:22Z
0.0,0.0,8.1999999999999993,1.1863833333333333,103.85998333333333,670.0,65.0,1382028382.0,2013-10-18T00:46:22Z
0.0,0.0,8.1999999999999993,1.1868333333333334,103.861,660.0,66.0,1382028411.0,2013-10-18T00:46:51Z
0.0,0.0,8.3000000000000007,1.1880333333333333,103.86381666666666,670.0,66.0,1382028491.0,2013-10-18T00:48:11Z
0.0,0.0,8.3000000000000007,1.1881999999999999,103.8642,670.0,66.0,1382028502.0,2013-10-18T00:48:22Z
0.0,0.0,8.5999999999999996,1.1916500000000001,103.87253333333334,670.0,65.0,1382028731.0,2013-10-18T00:52:11Z
0.0,0.0,8.5999999999999996,1.1917833333333334,103.87286666666667,670.0,66.0,1382028741.0,2013-10-18T00:52:21Z
0.0,0.0,8.6999999999999993,1.19255,103.87478333333334,680.0,66.0,1382028792.0,2013-10-18T00:53:12Z
0.0,0.0,8.6999999999999993,1.1927000000000001,103.87515,670.0,66.0,1382028801.0,2013-10-18T00:53:21Z
0.0,0.0,8.6999999999999993,1.1934499999999999,103.87703333333333,680.0,65.0,1382028851.0,2013-10-18T00:54:11Z
0.0,0.0,8.6999999999999993,1.1936,103.87739999999999,670.0,65.0,1382028861.0,2013-10-18T00:54:21Z
0.0,0.0,9.1999999999999993,1.1944666666666666,103.87931666666667,650.0,66.0,1382028911.0,2013-10-18T00:55:11Z
0.0,0.0,9.3000000000000007,1.1948166666666666,103.8801,650.0,66.0,1382028932.0,2013-10-18T00:55:32Z
0.0,0.0,9.9000000000000004,1.1967666666666668,103.88420000000001,620.0,62.0,1382029032.0,2013-10-18T00:57:12Z
0.0,0.0,9.9000000000000004,1.1969833333333333,103.88460000000001,620.0,62.0,1382029042.0,2013-10-18T00:57:22Z
0.0,0.0,10.300000000000001,1.1978666666666666,103.88623333333334,610.0,62.0,1382029082.0,2013-10-18T00:58:02Z
0.0,0.0,10.5,1.19835,103.88713333333334,620.0,63.0,1382029102.0,2013-10-18T00:58:22Z
0.0,0.0,10.699999999999999,1.1992333333333334,103.88883333333334,620.0,63.0,1382029141.0,2013-10-18T00:59:01Z
0.0,0.0,10.9,1.1999500000000001,103.89023333333333,620.0,62.0,1382029172.0,2013-10-18T00:59:32Z
0.0,0.0,10.9,1.2003833333333334,103.89108333333333,620.0,61.0,1382029192.0,2013-10-18T00:59:52Z
